191625625
191625630
191625632
191625636
191625638
191625642
191625644
191625646
191625648
191625651
191625653
191625656
191625658
191625660
191625663
191625665
191625668
191625669
191625672
191625673
191625674
191625678
191625680
191625684
191625686
191625690
191625692
191625694
191625695
191625702
191625705
191625708
191625711
191625713
191625715
191625718
191625721
191625724
191625727
191625729
191625733
191625736
191625739
191625741
191625743
191625745
191625747
191625751
191625753
191625755
191625758
191625761
191625762
191625763
191625764
191625765
191625767
191625770
191625772
191625775
191625777
191625780
191625782
191625785
191625787
191625791
191625793
191625795
191625799
191625801
191625803
191625805
191625808
191625811
191625813
191625815
191625817
191625820
191625822
191625824
191625827
191625829
191625832
191625834
191625836
191625838
191625840
191625842
191625845
191625850
191625852
191625854
191625856
191625858
191625860
191625863
191625865
191625868
191625869
191625872
191625875
191625877
191625879
191625882
191625884
191625886
191625888
191625891
191625892
191625893
191625894
191625896
191625899
191625901
191625905
191625907
191625909
191625911
191625913
191625914
191625919
191625921
191625929
191625931
191625941
191625944
191625946
191625948
191625950
191625953
191625955
191625959
191625961
191625964
191625966
191625968
191625970
191625972
191625976
191625978
191625980
191625982
191625984
191625986
191625990
191625992
191626001
191626003
191626005
191626008
191626010
191626012
191626016
191626018
191626020
191626022
191626024
191626026
191626029
191626032
191626034
191626037
191626039
191626042
191626044
191626046
191626048
191626051
191626053
191626055
191626057
191626060
191626063
191626067
191626069
191626071
191626073
191626078
191626080
191626083
191626085
191626088
191626090
191626094
191626096
191626098
191626100
191626102
191626106
191626109
191626111
191626114
191626115
191626116
191626117
191626118
191626120
191626122
191626124
191626126
191626129
191626133
191626135
191626137
191626139
191626141
191626144
191626146
191626148
191626152
191626154
191626156
191626158
191626160
191626163
191626166
191626168
191626170
191626172
191626176
191626178
191626180
191626182
191626184
191626187
191626189
191626192
191626196
191626198
191626200
191626202
191626206
191626208
191626210
191626212
191626214
191626215
191626216
191626217
191626218
191626221
191626224
191626226
191626228
191626230
191626233
191626235
191626237
191626239
191626242
191626245
191626247
191626249
191626250
191626251
191626252
191626253
191626255
191626258
191626260
191626262
191626265
191626267
191626269
191626272
191626274
191626277
191626280
191626281
191626284
191626286
191626288
191626290
191626292
191626296
191626299
191626301
191626303
191626305
191626307
191626310
191626312
191626313
191626316
191626319
191626322
191626324
191626325
191626326
191626328
191626330
191626333
191626336
191626338
191626341
191626344
191626348
191626350
191626351
191626352
191626353
191626354
191626359
191626361
191626363
191626365
191626367
191626369
191626372
191626373
191626377
191626380
191626382
191626384
191626386
191626388
191626390
191626392
191626395
191626400
191626402
191626404
191626413
191626415
191626417
191626421
