194233830
194233833
194233837
194233840
194233844
194233850
194233856
194233861
194233865
194233869
194233873
194233876
194233880
194233883
194233887
194233890
194233894
194233897
194233901
194233904
194233907
194233910
194233914
194233917
194233920
194233924
194233929
194233932
194233937
194233941
194233944
194233947
194233951
194233954
194233958
194233961
194233964
194233967
194233972
194233976
194233988
194233991
194233994
194233997
194234000
194234004
194234008
194234011
194234017
194234020
194234024
194234030
194234033
194234036
194234039
194234043
194234046
194234049
194234054
194234057
194234061
194234064
194234068
194234073
194234077
194234081
194234084
194234088
194234092
194234095
194234098
194234102
194234105
194234110
194234113
194234117
194234120
194234124
194234128
194234131
194234134
194234137
194234140
194234144
194234148
194234151
194234154
194234157
194234161
194234166
194234169
194234174
194234177
194234180
194234183
194234187
194234190
194234193
194234197
194234200
194234203
194234206
194234210
194234214
194234218
194234222
194234225
194234228
194234233
194234236
194234239
194234247
194234254
194234257
194234261
194234264
194234267
194234270
194234274
194234277
194234281
194234284
194234288
194234292
194234296
194234299
194234303
194234306
194234310
194234314
194234318
194234321
194234326
194234329
194234333
194234337
194234340
194234344
194234347
194234350
194234354
194234358
194234361
194234365
