194233832
194233836
194233839
194233842
194233848
194233854
194233860
194233864
194233867
194233872
194233875
194233879
194233882
194233886
194233889
194233893
194233896
194233900
194233903
194233906
194233909
194233913
194233916
194233919
194233923
194233928
194233931
194233935
194233940
194233943
194233946
194233950
194233953
194233956
194233960
194233963
194233966
194233970
194233974
194233983
194233990
194233993
194233996
194233999
194234003
194234007
194234010
194234016
194234019
194234022
194234027
194234032
194234035
194234038
194234042
194234045
194234048
194234052
194234056
194234060
194234063
194234066
194234072
194234075
194234080
194234083
194234087
194234090
194234094
194234097
194234101
194234104
194234108
194234112
194234115
194234119
194234122
194234126
194234130
194234133
194234136
194234139
194234143
194234146
194234150
194234153
194234156
194234160
194234163
194234168
194234171
194234176
194234179
194234182
194234185
194234189
194234192
194234195
194234199
194234202
194234205
194234209
194234212
194234217
194234220
194234224
194234227
194234230
194234235
194234238
194234246
194234253
194234256
194234259
194234263
194234266
194234269
194234273
194234276
194234280
194234283
194234287
194234291
194234294
194234298
194234301
194234305
194234309
194234313
194234316
194234320
194234324
194234328
194234331
194234336
194234339
194234342
194234346
194234349
194234353
194234357
194234360
194234364
194234368
