194233831
194233834
194233838
194233841
194233845
194233852
194233858
194233863
194233866
194233871
194233874
194233878
194233881
194233884
194233888
194233892
194233895
194233899
194233902
194233905
194233908
194233912
194233915
194233918
194233921
194233927
194233930
194233933
194233938
194233942
194233945
194233949
194233952
194233955
194233959
194233962
194233965
194233969
194233973
194233977
194233989
194233992
194233995
194233998
194234002
194234005
194234009
194234013
194234018
194234021
194234026
194234031
194234034
194234037
194234040
194234044
194234047
194234051
194234055
194234058
194234062
194234065
194234070
194234074
194234078
194234082
194234086
194234089
194234093
194234096
194234100
194234103
194234106
194234111
194234114
194234118
194234121
194234125
194234129
194234132
194234135
194234138
194234141
194234145
194234149
194234152
194234155
194234159
194234162
194234167
194234170
194234175
194234178
194234181
194234184
194234188
194234191
194234194
194234198
194234201
194234204
194234208
194234211
194234215
194234219
194234223
194234226
194234229
194234234
194234237
194234241
194234252
194234255
194234258
194234262
194234265
194234268
194234271
194234275
194234279
194234282
194234285
194234289
194234293
194234297
194234300
194234304
194234308
194234312
194234315
194234319
194234323
194234327
194234330
194234334
194234338
194234341
194234345
194234348
194234351
194234356
194234359
194234362
194234367
