193146445
193146449
193146452
193146455
193146458
193146461
193146464
193146467
193146470
193146473
193146476
193146479
193146483
193146486
193146489
193146492
193146495
193146498
193146501
193146504
193146507
193146510
193146513
193146516
193146519
193146522
193146525
193146528
193146532
193146535
193146539
193146542
193146546
193146549
193146552
193146556
193146560
193146563
193146566
193146569
193146572
193146576
193146579
193146582
193146585
193146590
193146593
193146596
193146599
193146602
193146606
193146609
193146612
193146615
193146618
193146621
193146624
193146627
193146630
193146633
193146636
193146639
193146642
193146645
193146648
193146651
193146654
193146657
193146660
193146663
193146666
193146669
193146672
193146676
193146679
193146682
193146686
193146689
193146693
193146696
193146699
193146702
193146705
193146708
193146711
193146714
193146719
193146727
193146731
193146734
193146739
193146744
193146747
193146751
193146754
193146758
193146762
193146766
193146774
193146787
193146794
193146801
193146808
193146813
193146817
193146820
193146826
193146830
193146835
193146839
193146845
193146849
193146852
193146855
193146858
193146861
193146864
193146869
193146876
193146882
193146887
193146892
193146898
193146902
193146907
193146912
193146916
193146922
193146927
193146932
193146939
193146944
193146949
193146953
193146959
193146964
193146968
193146973
193146978
193146982
193146987
193146992
193147000
193147004
193147008
193147013
193147020
193147028
193147035
193147041
193147045
193147050
193147057
193147061
193147067
193147073
193147077
193147082
193147086
193147091
193147096
193147101
193147106
193147112
193147117
193147123
193147128
193147132
193147137
193147141
193147144
193147148
193147153
193147158
193147166
193147171
193147175
193147180
193147186
193147193
193147199
193147206
193147210
193147217
193147223
193147227
193147230
193147235
193147240
193147248
193147256
193147263
193147271
193147277
193147285
193147291
193147299
193147306
193147313
193147320
193147327
193147335
193147341
193147347
193147354
193147360
193147368
193147375
193147382
193147390
193147397
193147405
193147411
193147419
193147426
193147431
193147436
193147443
193147449
193147456
193147463
193147470
193147476
193147489
193147495
193147503
193147510
193147517
193147524
193147532
193147538
193147545
193147551
193147558
193147566
193147573
193147577
193147583
193147597
193147603
193147617
193147624
193147631
193147638
193147646
193147652
193147660
193147667
193147675
193147681
193147688
193147695
193147703
193147710
193147718
193147725
193147731
193147739
193147747
193147761
193147768
193147775
193147781
193147787
193147795
193147804
193147811
193147825
193147834
193147844
193147851
193147857
193147863
193147871
193147877
193147886
193147894
193147902
193147909
193147918
193147927
193147933
193147941
193147948
193147962
193147971
193147979
193147987
193147996
193148005
193148012
193148019
193148026
193148032
193148041
193148047
193148055
193148062
193148069
193148078
193148085
193148092
193148102
193148114
193148121
193148128
193148135
193148143
193148149
193148157
193148163
193148171
193148177
193148188
193148194
193148202
193148213
193148220
193148227
193148234
193148242
193148257
193148273
193148280
193148286
193148294
193148301
193148306
193148311
193148319
193148326
193148336
193148342
193148350
193148356
193148364
193148371
193148378
193148385
193148392
193148401
193148408
193148416
193148424
193148430
193148437
193148447
193148455
193148460
193148467
193148473
193148481
193148488
193148495
193148502
193148508
193148515
193148522
193148530
193148537
193148551
193148559
193148566
193148573
193148581
193148587
193148593
193148600
193148608
193148616
193148622
193148630
193148635
193148641
193148646
193148654
193148663
193148676
193148682
193148687
193148693
193148698
193148704
193148710
193148715
193148721
193148731
193148735
193148739
193148742
193148745
193148749
193148752
193148755
193148758
193148761
193148764
193148771
193148775
193148779
193148783
193148786
193148790
193148794
193148799
193148808
193148813
193148817
193148821
193148824
193148828
193148834
193148843
193148847
193148851
193148854
193148858
193148862
193148866
193148870
193148874
193148881
193148888
193148894
193148901
193148908
193148914
193148921
193148927
193148939
193148945
193148948
193148951
193148955
193148958
193148962
193148965
193148968
193148971
193148974
193148977
193148980
193148983
193148986
193148989
193148993
193148996
193149000
193149007
193149014
193149021
193149049
193149074
193149090
193149100
193149108
193149115
193149123
193149128
193149134
193149142
193149150
193149157
193149166
193149171
193149174
193149177
193149180
193149183
193149187
193149191
193149196
193149199
193149206
193149214
193149220
193149226
193149232
193149237
193149244
193149252
193149259
193149267
193149271
193149274
193149278
193149282
193149286
193149291
193149295
193149298
193149301
193149304
193149307
193149310
193149313
193149316
193149319
193149323
193149329
193149336
193149339
193149343
193149347
193149353
193149359
193149374
193149380
193149393
193149397
193149403
193149409
193149417
193149420
193149423
193149426
193149429
193149432
193149435
193149438
193149441
193149445
193149448
193149452
193149456
193149459
193149462
193149465
193149468
193149471
193149474
193149477
193149480
193149483
193149487
193149490
193149493
193149496
193149499
193149502
193149517
193149523
193149528
193149531
193149534
193149537
193149540
193149545
193149549
193149552
193149555
193149558
193149561
193149564
193149567
193149570
193149573
193149577
193149581
193149584
193149587
193149590
193149594
193149597
193149603
193149607
193149610
193149614
193149620
193149623
193149628
193149632
193149639
193149645
193149649
193149654
193149658
193149661
193149667
193149671
193149674
193149678
193149681
193149684
193149690
193149696
193149701
193149705
193149708
193149713
193149719
193149724
193149728
193149731
193149734
193149737
193149740
193149744
193149747
193149756
193149761
193149765
193149771
193149776
193149779
193149782
193149787
193149795
193149804
193149809
193149818
193149821
193149824
193149827
193149830
193149834
193149841
193149845
193149849
193149852
193149855
193149858
193149861
193149865
193149868
193149871
193149875
193149884
193149888
193149894
193149897
193149900
193149903
193149907
193149910
193149914
193149922
193149927
193149930
193149936
193149942
193149947
193149951
193149956
193149961
193149965
193149971
193149976
193149981
193149985
193149988
193149993
193150000
193150003
193150006
193150010
193150016
193150023
193150028
193150035
193150043
193150049
193150053
193150059
193150064
193150069
193150073
193150078
193150085
193150092
193150099
193150106
193150110
193150120
193150126
193150130
193150135
193150145
193150153
193150159
193150163
193150168
193150179
193150184
193150189
193150195
193150200
193150207
193150211
193150216
193150221
193150232
193150238
193150244
193150249
193150253
193150258
193150266
193150270
193150275
193150281
193150286
193150290
193150296
193150301
193150306
193150311
193150319
193150329
193150334
193150343
193150349
193150355
193150361
193150369
193150375
193150386
193150393
193150400
193150408
193150414
193150422
193150426
193150434
193150438
193150442
193150446
193150453
193150459
193150463
193150468
193150474
193150478
193150481
193150484
193150490
193150494
193150498
193150503
193150506
193150509
193150512
193150520
193150523
193150526
193150529
193150533
193150540
193150547
193150552
193150555
193150567
193150574
193150580
193150589
193150595
193150601
193150607
193150611
193150616
193150623
193150630
193150640
193150648
193150653
193150657
193150663
193150674
193150681
193150690
193150693
193150703
193150711
193150717
193150720
193150727
193150736
193150742
193150754
193150760
193150767
193150775
193150780
193150792
193150805
193150811
193150818
193150823
193150829
193150835
193150839
193150842
193150845
193150850
193150857
193150862
193150869
193150875
193150881
193150888
193150896
193150905
193150912
193150917
193150926
193150934
193150943
193150950
193150955
193150961
193150967
193150973
193150980
193150985
193150993
193150999
193151014
193151022
193151032
193151050
193151058
193151064
193151069
193151077
193151083
193151092
193151109
193151117
193151124
193151133
193151138
193151144
193151153
193151157
193151161
193151164
193151167
193151173
193151177
193151181
193151184
193151187
193151190
193151193
193151196
193151200
193151204
193151209
193151213
193151219
193151224
193151228
193151232
193151236
193151239
193151245
193151253
193151256
193151261
193151267
193151271
193151274
193151277
193151282
193151289
193151292
193151295
193151298
193151302
193151310
193151315
193151322
193151325
193151330
193151334
193151338
193151348
193151356
193151365
193151373
193151378
193151388
193151398
193151411
193151423
193151433
193151438
193151445
193151455
193151462
193151472
193151481
193151489
193151498
193151508
193151519
193151528
193151537
193151546
193151555
193151562
193151569
193151574
193151581
193151591
193151599
193151604
193151613
193151620
193151629
193151639
193151645
193151653
193151661
193151668
193151684
193151695
193151704
193151710
193151718
193151723
193151727
193151735
193151743
193151765
193151774
193151781
193151788
193151795
193151802
193151807
193151813
193151820
193151826
193151840
193151852
193151861
193151869
193151874
193151881
193151887
193151894
193151900
193151906
193151914
