193146447
193146450
193146453
193146456
193146459
193146462
193146465
193146468
193146471
193146474
193146477
193146480
193146484
193146487
193146490
193146493
193146496
193146499
193146502
193146505
193146508
193146511
193146514
193146517
193146520
193146523
193146526
193146529
193146533
193146536
193146540
193146543
193146547
193146550
193146554
193146557
193146561
193146564
193146567
193146570
193146573
193146577
193146580
193146583
193146586
193146591
193146594
193146597
193146600
193146604
193146607
193146610
193146613
193146616
193146619
193146622
193146625
193146628
193146631
193146634
193146637
193146640
193146643
193146646
193146649
193146652
193146655
193146658
193146661
193146664
193146667
193146670
193146673
193146677
193146680
193146684
193146687
193146690
193146694
193146697
193146700
193146703
193146706
193146709
193146712
193146716
193146721
193146728
193146732
193146735
193146740
193146745
193146748
193146752
193146755
193146759
193146763
193146768
193146777
193146789
193146796
193146803
193146810
193146814
193146818
193146822
193146827
193146832
193146836
193146841
193146847
193146850
193146853
193146856
193146859
193146862
193146865
193146873
193146878
193146883
193146889
193146894
193146899
193146904
193146909
193146913
193146919
193146924
193146928
193146935
193146940
193146946
193146950
193146955
193146960
193146965
193146970
193146975
193146979
193146984
193146988
193146994
193147001
193147005
193147010
193147015
193147023
193147030
193147037
193147042
193147047
193147051
193147058
193147063
193147069
193147074
193147079
193147083
193147088
193147092
193147098
193147103
193147109
193147114
193147119
193147124
193147129
193147134
193147138
193147142
193147145
193147150
193147155
193147160
193147168
193147172
193147177
193147182
193147189
193147195
193147201
193147207
193147212
193147218
193147225
193147228
193147232
193147236
193147243
193147251
193147259
193147266
193147273
193147280
193147287
193147294
193147301
193147309
193147316
193147322
193147330
193147337
193147343
193147349
193147356
193147363
193147371
193147378
193147385
193147392
193147400
193147406
193147414
193147420
193147428
193147432
193147439
193147445
193147452
193147458
193147466
193147472
193147478
193147491
193147498
193147505
193147513
193147519
193147527
193147533
193147540
193147547
193147553
193147561
193147568
193147574
193147579
193147585
193147599
193147606
193147619
193147627
193147633
193147641
193147647
193147655
193147662
193147670
193147677
193147683
193147690
193147698
193147706
193147712
193147720
193147728
193147734
193147741
193147756
193147763
193147770
193147779
193147784
193147789
193147798
193147806
193147820
193147828
193147836
193147846
193147854
193147859
193147866
193147872
193147881
193147888
193147896
193147905
193147912
193147920
193147929
193147936
193147943
193147951
193147965
193147973
193147983
193147990
193147998
193148008
193148014
193148021
193148027
193148035
193148043
193148050
193148057
193148064
193148072
193148081
193148087
193148096
193148110
193148116
193148123
193148130
193148138
193148144
193148152
193148158
193148166
193148173
193148179
193148190
193148197
193148209
193148215
193148222
193148230
193148236
193148252
193148259
193148275
193148283
193148289
193148296
193148303
193148308
193148314
193148321
193148328
193148337
193148345
193148352
193148359
193148366
193148374
193148380
193148387
193148395
193148404
193148410
193148418
193148425
193148432
193148440
193148450
193148456
193148462
193148469
193148476
193148483
193148490
193148497
193148504
193148510
193148517
193148525
193148532
193148540
193148554
193148562
193148569
193148576
193148583
193148589
193148596
193148602
193148611
193148618
193148625
193148631
193148637
193148643
193148648
193148657
193148666
193148678
193148683
193148689
193148695
193148700
193148706
193148712
193148717
193148723
193148733
193148737
193148740
193148743
193148746
193148750
193148753
193148756
193148759
193148762
193148767
193148773
193148776
193148780
193148784
193148788
193148791
193148795
193148800
193148809
193148814
193148818
193148822
193148826
193148831
193148837
193148844
193148848
193148852
193148855
193148859
193148863
193148867
193148872
193148876
193148884
193148890
193148896
193148904
193148910
193148917
193148923
193148930
193148941
193148946
193148949
193148952
193148956
193148959
193148963
193148966
193148969
193148972
193148975
193148978
193148981
193148984
193148987
193148990
193148994
193148997
193149002
193149009
193149016
193149026
193149053
193149080
193149094
193149102
193149111
193149116
193149124
193149130
193149136
193149145
193149152
193149159
193149168
193149172
193149175
193149178
193149181
193149184
193149188
193149192
193149197
193149201
193149209
193149216
193149222
193149228
193149234
193149240
193149248
193149255
193149262
193149269
193149272
193149275
193149280
193149283
193149287
193149292
193149296
193149299
193149302
193149305
193149308
193149311
193149314
193149317
193149320
193149326
193149330
193149337
193149340
193149345
193149349
193149354
193149370
193149376
193149388
193149394
193149399
193149406
193149412
193149418
193149421
193149424
193149427
193149430
193149433
193149436
193149439
193149443
193149446
193149450
193149454
193149457
193149460
193149463
193149466
193149469
193149472
193149475
193149478
193149481
193149485
193149488
193149491
193149494
193149497
193149500
193149506
193149519
193149525
193149529
193149532
193149535
193149538
193149541
193149547
193149550
193149553
193149556
193149559
193149562
193149565
193149568
193149571
193149574
193149579
193149582
193149585
193149588
193149591
193149595
193149598
193149605
193149608
193149611
193149617
193149621
193149624
193149629
193149635
193149640
193149647
193149650
193149656
193149659
193149662
193149669
193149672
193149675
193149679
193149682
193149686
193149692
193149698
193149703
193149706
193149709
193149715
193149721
193149726
193149729
193149732
193149735
193149738
193149741
193149745
193149749
193149758
193149762
193149768
193149773
193149777
193149780
193149784
193149789
193149799
193149806
193149812
193149819
193149822
193149825
193149828
193149831
193149835
193149843
193149847
193149850
193149853
193149856
193149859
193149862
193149866
193149869
193149872
193149877
193149885
193149891
193149895
193149898
193149901
193149905
193149908
193149911
193149916
193149924
193149928
193149932
193149939
193149944
193149949
193149952
193149957
193149962
193149966
193149974
193149977
193149983
193149986
193149990
193149997
193150001
193150004
193150007
193150011
193150018
193150024
193150031
193150038
193150045
193150050
193150056
193150060
193150066
193150070
193150075
193150079
193150088
193150093
193150102
193150107
193150112
193150122
193150127
193150132
193150141
193150150
193150155
193150160
193150165
193150170
193150180
193150186
193150191
193150197
193150202
193150208
193150213
193150218
193150226
193150234
193150240
193150247
193150250
193150255
193150262
193150267
193150272
193150276
193150283
193150287
193150293
193150297
193150303
193150307
193150314
193150320
193150330
193150338
193150345
193150351
193150357
193150364
193150371
193150377
193150389
193150397
193150404
193150410
193150416
193150423
193150429
193150436
193150439
193150444
193150447
193150456
193150460
193150464
193150470
193150476
193150479
193150482
193150486
193150491
193150495
193150499
193150504
193150507
193150510
193150514
193150521
193150524
193150527
193150530
193150535
193150542
193150549
193150553
193150556
193150569
193150577
193150582
193150592
193150597
193150604
193150609
193150613
193150617
193150625
193150634
193150643
193150649
193150654
193150659
193150664
193150676
193150684
193150691
193150699
193150705
193150713
193150718
193150721
193150731
193150739
193150744
193150756
193150762
193150770
193150777
193150786
193150799
193150807
193150814
193150820
193150825
193150832
193150836
193150840
193150843
193150846
193150853
193150858
193150865
193150871
193150877
193150883
193150890
193150898
193150908
193150914
193150920
193150928
193150937
193150946
193150952
193150957
193150963
193150968
193150975
193150982
193150987
193150995
193151006
193151017
193151024
193151045
193151054
193151060
193151065
193151072
193151079
193151086
193151094
193151112
193151119
193151128
193151135
193151140
193151147
193151154
193151159
193151162
193151165
193151169
193151174
193151178
193151182
193151185
193151188
193151191
193151194
193151197
193151202
193151205
193151210
193151214
193151220
193151225
193151229
193151233
193151237
193151241
193151249
193151254
193151258
193151262
193151268
193151272
193151275
193151278
193151285
193151290
193151293
193151296
193151299
193151305
193151312
193151317
193151323
193151326
193151331
193151336
193151339
193151350
193151359
193151369
193151374
193151381
193151391
193151402
193151414
193151426
193151434
193151440
193151448
193151458
193151466
193151475
193151483
193151492
193151502
193151513
193151522
193151531
193151540
193151550
193151557
193151564
193151571
193151577
193151585
193151593
193151600
193151608
193151615
193151623
193151632
193151640
193151647
193151655
193151664
193151680
193151688
193151699
193151706
193151712
193151721
193151725
193151730
193151738
193151756
193151768
193151776
193151784
193151790
193151798
193151804
193151809
193151816
193151822
193151828
193151842
193151856
193151865
193151871
193151877
193151883
193151889
193151896
193151902
193151908
193151917
