193146448
193146451
193146454
193146457
193146460
193146463
193146466
193146469
193146472
193146475
193146478
193146482
193146485
193146488
193146491
193146494
193146497
193146500
193146503
193146506
193146509
193146512
193146515
193146518
193146521
193146524
193146527
193146531
193146534
193146537
193146541
193146545
193146548
193146551
193146555
193146559
193146562
193146565
193146568
193146571
193146575
193146578
193146581
193146584
193146588
193146592
193146595
193146598
193146601
193146605
193146608
193146611
193146614
193146617
193146620
193146623
193146626
193146629
193146632
193146635
193146638
193146641
193146644
193146647
193146650
193146653
193146656
193146659
193146662
193146665
193146668
193146671
193146674
193146678
193146681
193146685
193146688
193146691
193146695
193146698
193146701
193146704
193146707
193146710
193146713
193146717
193146723
193146730
193146733
193146736
193146742
193146746
193146750
193146753
193146756
193146761
193146765
193146772
193146778
193146791
193146798
193146806
193146811
193146815
193146819
193146824
193146829
193146833
193146837
193146843
193146848
193146851
193146854
193146857
193146860
193146863
193146868
193146875
193146880
193146886
193146891
193146895
193146901
193146905
193146910
193146915
193146920
193146925
193146931
193146937
193146941
193146947
193146952
193146956
193146962
193146967
193146972
193146976
193146981
193146985
193146991
193146996
193147003
193147007
193147011
193147018
193147025
193147033
193147038
193147044
193147048
193147054
193147060
193147065
193147071
193147076
193147080
193147085
193147089
193147094
193147099
193147105
193147110
193147115
193147122
193147126
193147131
193147135
193147140
193147143
193147147
193147151
193147156
193147163
193147169
193147174
193147178
193147185
193147191
193147198
193147203
193147209
193147213
193147220
193147226
193147229
193147233
193147238
193147245
193147253
193147261
193147268
193147276
193147282
193147290
193147296
193147304
193147312
193147318
193147325
193147332
193147340
193147345
193147351
193147358
193147365
193147373
193147380
193147387
193147395
193147402
193147409
193147416
193147423
193147429
193147434
193147441
193147447
193147453
193147461
193147468
193147474
193147480
193147494
193147500
193147508
193147514
193147522
193147529
193147536
193147542
193147549
193147556
193147563
193147570
193147576
193147580
193147588
193147602
193147608
193147622
193147628
193147636
193147643
193147651
193147657
193147665
193147672
193147679
193147685
193147692
193147701
193147708
193147714
193147723
193147730
193147736
193147744
193147759
193147765
193147773
193147780
193147785
193147792
193147801
193147809
193147822
193147831
193147839
193147849
193147855
193147861
193147868
193147875
193147883
193147890
193147900
193147907
193147914
193147923
193147931
193147938
193147945
193147954
193147967
193147975
193147985
193147993
193148003
193148010
193148017
193148023
193148030
193148038
193148046
193148052
193148060
193148066
193148074
193148082
193148090
193148101
193148112
193148119
193148126
193148133
193148140
193148147
193148154
193148161
193148168
193148175
193148181
193148192
193148199
193148211
193148217
193148225
193148231
193148240
193148254
193148262
193148278
193148285
193148291
193148299
193148304
193148309
193148317
193148323
193148332
193148340
193148347
193148355
193148361
193148369
193148375
193148383
193148390
193148398
193148406
193148412
193148421
193148428
193148435
193148445
193148452
193148458
193148464
193148472
193148478
193148486
193148492
193148500
193148506
193148512
193148520
193148527
193148535
193148549
193148557
193148564
193148571
193148578
193148585
193148592
193148598
193148604
193148613
193148620
193148628
193148633
193148639
193148645
193148650
193148660
193148674
193148680
193148685
193148691
193148697
193148702
193148708
193148714
193148719
193148725
193148734
193148738
193148741
193148744
193148748
193148751
193148754
193148757
193148760
193148763
193148769
193148774
193148778
193148781
193148785
193148789
193148793
193148797
193148802
193148812
193148815
193148819
193148823
193148827
193148832
193148841
193148845
193148849
193148853
193148857
193148861
193148864
193148868
193148873
193148879
193148886
193148892
193148899
193148906
193148912
193148919
193148925
193148932
193148943
193148947
193148950
193148954
193148957
193148960
193148964
193148967
193148970
193148973
193148976
193148979
193148982
193148985
193148988
193148991
193148995
193148998
193149005
193149011
193149018
193149030
193149071
193149087
193149097
193149105
193149114
193149117
193149126
193149132
193149139
193149148
193149154
193149161
193149170
193149173
193149176
193149179
193149182
193149185
193149190
193149195
193149198
193149203
193149211
193149218
193149224
193149230
193149236
193149242
193149250
193149257
193149263
193149270
193149273
193149276
193149281
193149285
193149289
193149293
193149297
193149300
193149303
193149306
193149309
193149312
193149315
193149318
193149321
193149328
193149334
193149338
193149341
193149346
193149351
193149358
193149372
193149378
193149390
193149395
193149400
193149408
193149414
193149419
193149422
193149425
193149428
193149431
193149434
193149437
193149440
193149444
193149447
193149451
193149455
193149458
193149461
193149464
193149467
193149470
193149473
193149476
193149479
193149482
193149486
193149489
193149492
193149495
193149498
193149501
193149515
193149521
193149527
193149530
193149533
193149536
193149539
193149544
193149548
193149551
193149554
193149557
193149560
193149563
193149566
193149569
193149572
193149575
193149580
193149583
193149586
193149589
193149592
193149596
193149601
193149606
193149609
193149613
193149618
193149622
193149626
193149631
193149637
193149643
193149648
193149651
193149657
193149660
193149665
193149670
193149673
193149676
193149680
193149683
193149687
193149695
193149699
193149704
193149707
193149711
193149717
193149722
193149727
193149730
193149733
193149736
193149739
193149743
193149746
193149754
193149759
193149763
193149770
193149774
193149778
193149781
193149786
193149790
193149801
193149807
193149816
193149820
193149823
193149826
193149829
193149833
193149838
193149844
193149848
193149851
193149854
193149857
193149860
193149863
193149867
193149870
193149873
193149881
193149887
193149893
193149896
193149899
193149902
193149906
193149909
193149912
193149918
193149926
193149929
193149933
193149941
193149945
193149950
193149953
193149959
193149964
193149970
193149975
193149978
193149984
193149987
193149991
193149999
193150002
193150005
193150009
193150012
193150020
193150027
193150032
193150040
193150046
193150052
193150057
193150063
193150067
193150072
193150076
193150081
193150090
193150097
193150104
193150109
193150114
193150124
193150129
193150133
193150143
193150152
193150157
193150162
193150166
193150176
193150182
193150187
193150194
193150199
193150204
193150210
193150214
193150220
193150228
193150237
193150241
193150248
193150252
193150257
193150263
193150269
193150273
193150279
193150284
193150289
193150294
193150299
193150304
193150310
193150316
193150327
193150333
193150340
193150347
193150353
193150359
193150366
193150373
193150381
193150390
193150398
193150407
193150411
193150420
193150425
193150431
193150437
193150441
193150445
193150450
193150458
193150461
193150467
193150472
193150477
193150480
193150483
193150488
193150493
193150496
193150501
193150505
193150508
193150511
193150518
193150522
193150525
193150528
193150532
193150537
193150545
193150551
193150554
193150558
193150572
193150578
193150586
193150593
193150599
193150606
193150610
193150614
193150620
193150627
193150637
193150645
193150651
193150655
193150661
193150671
193150679
193150687
193150692
193150701
193150709
193150715
193150719
193150723
193150733
193150740
193150748
193150758
193150765
193150773
193150779
193150789
193150802
193150809
193150816
193150822
193150827
193150834
193150837
193150841
193150844
193150848
193150855
193150860
193150867
193150873
193150879
193150885
193150893
193150902
193150910
193150915
193150923
193150933
193150941
193150948
193150953
193150959
193150965
193150970
193150978
193150984
193150990
193150997
193151012
193151018
193151026
193151047
193151056
193151062
193151067
193151075
193151081
193151088
193151099
193151115
193151121
193151130
193151136
193151142
193151149
193151156
193151160
193151163
193151166
193151172
193151175
193151180
193151183
193151186
193151189
193151192
193151195
193151198
193151203
193151207
193151212
193151217
193151222
193151227
193151230
193151234
193151238
193151243
193151250
193151255
193151259
193151264
193151270
193151273
193151276
193151280
193151287
193151291
193151294
193151297
193151301
193151306
193151314
193151319
193151324
193151328
193151333
193151337
193151345
193151353
193151361
193151371
193151376
193151385
193151395
193151407
193151419
193151429
193151436
193151443
193151451
193151459
193151469
193151478
193151486
193151497
193151505
193151517
193151526
193151534
193151543
193151553
193151560
193151567
193151573
193151579
193151588
193151597
193151602
193151610
193151617
193151626
193151637
193151643
193151651
193151658
193151666
193151682
193151691
193151701
193151708
193151715
193151722
193151726
193151733
193151740
193151760
193151772
193151779
193151786
193151793
193151800
193151805
193151811
193151818
193151824
193151837
193151851
193151859
193151867
193151873
193151879
193151886
193151891
193151899
193151904
193151911
193151918
