191339406
191339408
191339412
191339417
191339418
191339420
191339422
191339424
191339427
191339429
191339432
191339434
191339437
191339440
191339444
191339448
191339450
191339451
191339454
191339455
191339457
191339459
191339460
191339462
191339464
191339465
191339469
191339471
191339473
191339475
191339478
191339480
191339482
191339485
191339487
191339492
191339494
191339496
191339500
191339502
191339505
191339508
191339510
191339513
191339516
191339519
191339522
191339524
191339525
191339528
191339529
191339530
191339540
191339542
191339543
191339545
191339547
191339548
191339550
191339553
191339556
191339558
191339559
191339561
191339562
191339563
191339566
191339568
191339570
191339573
191339575
191339577
191339579
191339581
191339584
191339587
191339589
191339593
191339595
191339597
191339600
191339602
191339604
191339606
191339608
191339610
191339612
191339614
191339617
191339620
191339622
191339625
191339627
191339630
191339632
191339634
191339637
191339639
191339643
191339645
191339648
191339650
191339652
191339655
191339657
191339660
191339662
191339665
191339667
191339669
191339673
191339676
191339678
191339680
191339682
191339685
191339687
191339689
191339691
191339693
191339697
191339699
191339701
191339703
191339706
191339708
191339710
191339713
191339716
191339718
191339721
191339724
191339726
191339728
191339730
191339732
191339735
191339737
191339739
191339742
191339745
191339750
191339754
191339756
191339758
191339759
191339761
191339762
191339763
191339765
191339767
191339770
191339772
191339774
191339776
191339779
191339781
191339784
191339786
191339789
191339791
191339793
191339795
191339798
191339807
191339809
191339811
191339814
191339816
191339818
191339820
191339824
191339826
191339828
191339836
191339839
191339841
191339842
191339845
191339848
191339850
191339854
191339856
191339858
191339860
191339863
191339864
191339866
191339868
191339871
191339873
191339875
191339878
191339882
191339890
191339895
191339897
191339899
191339901
191339904
191339907
191339909
191339911
191339914
191339916
191339918
191339920
191339923
191339926
191339928
191339931
191339934
191339936
191339939
191339942
191339945
191339947
191339949
191339952
191339954
191339956
191339958
191339961
191339964
191339966
191339968
191339971
191339973
191339975
191339977
191339985
191339987
191339995
191339997
191340000
191340006
191340008
191340010
191340012
191340015
191340017
191340020
191340022
191340025
191340027
191340029
191340031
191340034
191340036
191340038
191340040
191340043
191340045
191340047
191340050
191340053
191340054
