191860284
191860285
191860286
191860287
191860289
191860290
191860291
191860293
191860294
191860295
191860297
191860299
191860300
191860301
191860303
191860304
191860305
191860307
191860309
191860310
191860312
191860313
191860314
191860315
191860316
191860317
191860318
191860319
191860320
191860321
191860322
191860323
191860324
191860325
191860326
191860327
191860329
191860330
191860331
191860332
191860333
191860335
191860336
191860337
191860338
191860339
191860340
191860341
191860342
191860343
191860344
191860346
191860347
191860348
191860349
191860350
191860351
191860353
191860354
191860355
191860356
191860357
191860359
191860360
191860361
191860362
191860363
191860364
191860365
191860366
191860367
191860368
191860369
191860370
191860371
191860372
191860373
191860374
191860375
191860376
191860377
191860378
191860380
191860382
191860383
191860385
191860387
191860388
191860389
191860390
191860391
191860393
191860394
191860395
191860396
191860397
191860399
191860400
191860401
191860402
191860403
191860404
191860405
191860406
191860407
191860408
191860409
191860410
191860411
191860412
191860413
191860414
191860415
191860416
191860417
191860418
191860420
191860421
191860422
191860423
191860424
191860426
191860427
191860428
191860429
191860430
191860431
191860432
191860433
191860434
191860436
191860437
191860438
191860439
191860441
191860442
191860443
191860446
191860447
191860448
191860450
191860451
191860452
191860453
191860454
191860455
191860457
191860458
191860459
191860460
191860461
191860462
191860463
191860464
191860465
191860466
191860468
191860469
191860470
191860472
191860473
191860475
191860476
191860477
191860478
191860479
191860480
191860481
191860482
191860483
191860484
191860485
191860486
191860487
191860488
191860489
191860490
191860491
191860492
191860493
191860494
191860495
191860496
191860497
191860498
191860499
191860500
191860501
191860502
191860503
191860504
191860505
191860506
191860507
191860508
191860509
191860510
191860511
191860512
191860513
191860514
191860515
191860516
191860517
191860519
191860520
191860522
191860523
191860524
191860525
191860526
191860527
191860529
191860530
191860532
191860534
191860536
191860538
191860540
191860542
191860543
191860545
191860548
191860550
191860552
191860553
191860556
191860557
191860559
191860561
191860562
191860565
191860566
191860568
191860570
191860571
191860572
191860573
191860574
191860575
191860576
191860577
191860578
191860579
191860580
191860581
191860582
191860583
191860584
191860585
191860586
191860587
191860588
191860590
191860591
191860592
191860593
191860595
191860597
191860598
191860599
191860600
191860601
191860602
191860603
191860604
191860605
191860606
191860607
191860608
191860609
191860610
191860611
191860612
191860613
191860614
191860615
191860617
191860618
191860619
191860620
191860625
191860626
191860627
191860628
191860629
191860630
191860631
191860632
191860633
191860635
191860636
191860637
191860638
191860639
191860640
191860641
191860642
191860643
191860644
191860645
191860646
191860647
191860648
191860649
191860650
191860651
191860652
191860653
191860654
191860655
191860656
191860657
191860658
191860659
191860660
191860663
191860664
191860665
191860666
191860667
191860668
191860669
191860670
191860671
191860673
191860674
191860676
191860677
191860679
191860680
191860682
191860684
191860685
191860687
191860689
191860690
191860691
191860693
191860694
191860695
191860696
191860697
191860698
191860700
191860701
191860702
191860703
191860704
191860705
191860706
191860707
191860708
191860709
191860711
191860712
191860714
191860715
191860716
191860719
191860720
191860721
191860722
191860723
191860724
191860725
191860726
191860727
191860728
191860729
191860730
191860731
191860733
191860734
191860735
191860736
191860737
191860738
191860741
191860742
191860745
191860747
191860748
191860749
191860751
191860753
191860754
191860756
191860758
191860760
191860761
191860762
191860763
191860764
191860765
191860766
191860768
191860769
191860770
191860771
191860772
191860773
191860774
191860776
191860777
191860778
191860779
191860780
191860781
191860783
191860784
191860785
191860786
191860787
191860788
191860789
191860790
191860791
191860792
191860794
191860795
191860796
191860797
191860798
191860800
191860801
191860802
191860803
191860804
191860805
191860807
191860808
191860809
191860810
191860811
191860812
191860813
191860815
191860816
191860817
191860818
191860819
191860820
191860821
191860823
191860824
191860825
191860826
191860827
191860828
191860830
191860831
191860832
191860833
191860834
191860836
191860837
191860838
191860839
191860840
191860841
191860842
191860843
191860844
191860846
191860847
191860848
191860849
191860850
191860851
191860852
191860853
191860854
191860855
191860857
191860858
191860859
191860861
191860862
191860863
191860864
191860866
191860867
191860869
191860870
191860871
191860872
191860873
191860874
191860875
191860876
191860878
191860879
191860880
191860881
191860883
191860884
191860885
191860887
191860888
191860889
191860890
191860891
191860892
191860893
191860895
191860896
191860897
191860898
191860899
191860900
191860902
191860903
191860904
191860905
191860906
191860907
191860908
191860909
191860911
191860912
191860913
191860914
191860915
191860916
191860917
191860919
191860920
191860921
191860922
191860923
191860924
191860925
191860927
191860928
191860929
191860930
191860931
191860932
191860933
191860935
191860936
191860937
191860938
191860939
191860940
191860941
191860943
191860944
191860946
191860947
191860948
191860949
191860950
191860951
191860953
191860954
191860955
191860956
191860957
191860958
191860959
191860960
191860962
