193696914
193696917
193696920
193696923
193696926
193696930
193696933
193696936
193696939
193696942
193696945
193696948
193696951
193696954
193696957
193696960
193696963
193696966
193696970
193696976
193696982
193696987
193696992
193696998
193697007
193697013
193697018
193697023
193697029
193697034
193697041
193697047
193697052
193697057
193697066
193697070
193697073
193697076
193697079
193697082
193697085
193697088
193697091
193697094
193697097
193697100
193697103
193697106
193697109
193697112
193697115
193697118
193697121
193697124
193697129
193697134
193697139
193697144
193697149
193697154
193697160
193697165
193697170
193697175
193697184
193697189
193697192
193697195
193697198
193697201
193697204
193697207
193697210
193697214
193697217
193697220
193697223
193697226
193697229
193697233
193697237
193697240
193697243
193697246
193697250
193697254
193697257
193697261
193697264
193697268
193697271
193697274
193697277
193697280
193697283
193697286
193697289
193697292
193697295
193697298
193697302
193697308
193697313
193697317
193697322
193697328
193697333
193697338
193697345
193697351
193697355
193697359
193697364
193697370
193697376
193697381
193697389
193697402
193697405
193697411
193697414
193697417
193697420
193697423
193697426
193697430
193697435
193697439
193697443
193697447
193697450
193697453
193697456
193697459
193697462
193697466
193697469
193697472
193697475
193697481
193697487
193697492
193697498
193697504
193697511
193697517
193697526
193697531
193697537
193697543
193697549
193697555
193697560
193697567
193697572
193697578
193697583
193697588
193697595
193697600
193697605
193697611
193697616
193697619
193697622
193697625
193697629
193697632
193697635
193697638
193697642
193697645
193697648
193697651
193697654
193697657
193697661
193697664
193697674
193697680
193697686
193697691
193697697
193697703
193697710
193697715
193697721
193697726
193697731
193697734
193697737
193697741
193697744
193697747
193697750
193697753
193697756
193697759
193697762
193697765
193697768
193697771
193697774
193697777
193697780
193697783
193697786
193697789
193697792
193697797
193697802
193697808
193697814
193697819
193697826
193697830
193697835
193697841
193697844
193697847
193697850
193697853
193697856
193697859
193697862
193697865
193697868
193697871
193697874
193697877
193697880
193697884
193697888
193697891
193697894
193697897
193697900
193697903
193697906
193697909
193697912
193697915
193697918
193697921
193697924
193697927
193697930
193697933
193697936
193697939
193697942
193697945
193697948
193697951
193697954
193697957
193697960
193697963
193697968
193697974
193697983
193697992
193697999
193698007
193698017
193698024
193698032
193698042
193698057
193698064
193698070
193698076
193698082
193698087
193698097
193698106
193698114
193698132
193698140
193698149
193698161
193698168
193698175
193698188
193698195
193698202
193698208
193698211
193698218
193698225
193698231
193698238
193698244
193698251
193698259
193698269
193698279
193698287
193698293
193698301
193698310
193698320
193698328
193698346
193698354
193698364
193698373
193698383
193698414
193698423
193698432
193698452
193698461
193698468
193698475
193698482
193698488
193698494
193698497
193698503
193698509
193698516
193698523
193698531
193698542
193698555
193698561
193698579
193698587
193698597
193698620
193698627
193698635
193698642
193698648
193698654
193698661
193698670
193698677
193698685
193698693
193698703
193698712
193698721
193698733
193698736
193698743
193698756
193698763
193698768
193698774
193698780
193698787
193698794
193698801
193698807
193698812
193698815
193698821
193698829
193698836
193698843
193698848
193698851
193698858
193698866
193698873
193698880
193698886
193698893
193698900
193698908
193698920
193698928
193698935
193698942
193698955
193698963
193698970
193698977
193698983
193698991
193699000
193699011
193699021
193699030
193699037
193699046
193699055
193699066
193699074
193699084
193699092
193699099
193699104
193699108
193699116
193699122
193699129
193699137
193699144
193699150
193699157
193699165
193699172
193699175
193699180
193699187
193699195
193699202
193699215
193699222
193699230
193699237
193699243
193699252
193699260
193699264
193699268
193699277
193699281
193699285
193699293
193699299
193699315
193699322
193699329
193699335
193699342
193699359
193699367
193699377
193699386
193699397
193699408
193699417
193699434
193699446
193699459
193699490
193699503
193699519
193699530
193699548
193699566
193699597
193699609
193699618
193699623
193699630
193699639
193699649
193699658
193699666
193699672
193699680
193699689
193699702
193699715
193699727
193699739
193699750
193699762
193699773
193699783
193699793
193699802
193699808
193699815
193699822
193699835
193699842
193699849
193699862
193699869
193699876
193699883
193699889
193699896
193699902
193699905
193699913
193699920
193699925
193699933
193699938
193699947
193699957
193699966
193699973
193699980
193699987
193699993
193700005
193700009
193700013
193700020
193700023
193700027
193700031
193700035
193700041
193700048
193700061
193700065
193700069
193700076
193700083
193700089
193700092
193700098
193700104
193700112
193700125
193700133
193700139
193700147
193700154
193700160
193700167
193700174
193700181
193700187
193700194
193700202
193700209
193700217
193700224
193700231
193700238
193700248
193700257
193700266
193700273
193700283
193700292
193700302
193700311
193700320
193700338
193700347
193700356
193700363
193700372
193700379
193700392
193700396
193700400
193700407
193700413
193700420
193700428
193700435
193700442
193700449
193700455
193700458
193700464
193700469
193700472
193700478
193700485
193700492
193700499
193700505
193700512
193700519
193700526
193700533
193700540
193700547
193700554
193700559
193700565
193700571
193700579
193700588
193700598
193700606
193700613
193700620
193700630
193700640
193700649
193700658
193700667
193700674
193700682
193700691
193700701
193700709
193700716
193700726
193700736
193700743
193700750
193700760
193700770
193700780
193700790
193700800
193700810
193700817
193700822
193700833
193700839
193700846
193700852
193700859
193700866
193700873
193700880
193700887
193700894
193700901
193700907
193700914
193700920
193700927
193700933
193700939
193700943
193700949
193700956
193700969
193700976
193700983
193700986
193700990
193700998
193701004
193701008
193701014
193701021
193701028
193701035
193701039
193701046
193701053
193701062
193701070
193701080
193701091
193701099
193701106
193701114
193701122
193701132
193701141
193701148
193701153
193701165
193701176
193701187
193701195
193701204
193701213
193701222
193701232
193701240
193701248
193701255
193701264
193701271
193701279
193701286
193701292
193701299
193701306
193701314
193701317
193701329
193701336
193701343
193701351
193701357
193701370
193701374
193701377
193701384
193701397
193701410
193701414
193701418
193701425
193701438
193701445
193701452
193701459
193701464
193701474
193701478
193701481
193701488
193701495
193701501
193701508
193701514
193701521
193701528
193701531
193701537
193701544
193701551
193701556
193701559
193701566
193701574
193701580
193701587
193701596
193701603
193701612
193701618
193701622
193701629
193701636
193701648
193701655
193701662
193701675
193701682
193701689
193701696
193701703
193701709
193701716
193701723
193701732
193701745
193701753
193701762
193701783
193701790
193701797
193701806
193701814
193701820
193701827
193701838
193701846
193701855
193701871
193701880
193701889
193701898
193701906
193701914
193701925
193701932
193701939
193701950
193701957
193701964
193701976
193701990
193701993
193701998
193702005
193702012
193702019
193702025
193702039
193702047
193702054
193702061
193702068
193702075
193702078
193702083
193702089
193702100
193702105
193702112
193702118
193702125
193702131
193702139
193702145
193702152
193702162
193702171
193702180
193702198
193702205
193702213
193702225
193702233
193702241
193702250
193702260
193702268
193702277
193702287
193702295
193702301
193702311
193702328
193702336
193702355
193702361
193702368
193702387
193702393
193702400
193702407
193702413
193702420
193702427
193702434
193702441
193702447
193702458
193702465
193702479
193702484
193702491
193702496
193702504
193702514
193702519
193702527
193702536
193702543
193702551
193702558
193702564
193702571
193702579
193702586
193702593
193702600
193702607
193702614
193702628
193702638
193702646
193702656
193702666
193702675
193702683
193702692
193702701
193702710
193702723
193702732
193702741
193702751
193702761
193702769
193702777
193702785
193702792
193702799
193702806
193702813
193702820
193702827
193702834
193702840
193702847
193702854
193702860
193702867
193702877
193702886
193702889
193702899
193702909
193702919
193702929
193702939
193702950
193702961
193702970
193702983
193702987
193702994
193703000
193703003
193703009
193703016
193703025
193703032
193703042
193703047
193703054
193703061
193703068
193703077
193703085
193703092
193703100
193703107
193703113
193703120
193703127
193703134
193703151
193703164
193703170
193703178
193703187
193703196
193703208
193703218
193703230
193703241
193703253
193703266
193703278
193703306
193703317
193703329
193703344
193703349
193703353
193703360
193703367
193703375
193703382
193703388
193703395
193703402
193703409
193703416
193703423
193703430
193703438
193703445
193703451
193703458
193703464
193703472
193703479
193703485
193703492
193703501
193703508
193703515
193703528
193703535
193703542
193703545
193703551
