193696912
193696915
193696918
193696921
193696924
193696927
193696931
193696934
193696937
193696940
193696943
193696946
193696949
193696952
193696955
193696958
193696961
193696964
193696967
193696972
193696978
193696984
193696989
193696994
193696999
193697010
193697015
193697020
193697025
193697030
193697036
193697043
193697048
193697054
193697062
193697068
193697071
193697074
193697077
193697080
193697083
193697086
193697089
193697092
193697095
193697098
193697101
193697104
193697107
193697110
193697113
193697116
193697119
193697122
193697125
193697130
193697136
193697141
193697146
193697151
193697156
193697161
193697167
193697172
193697181
193697186
193697190
193697193
193697196
193697199
193697202
193697205
193697208
193697211
193697215
193697218
193697221
193697224
193697227
193697231
193697234
193697238
193697241
193697244
193697248
193697252
193697255
193697258
193697262
193697265
193697269
193697272
193697275
193697278
193697281
193697284
193697287
193697290
193697293
193697296
193697299
193697303
193697309
193697314
193697319
193697324
193697329
193697335
193697340
193697347
193697353
193697356
193697361
193697366
193697372
193697378
193697383
193697398
193697403
193697408
193697412
193697415
193697418
193697421
193697424
193697427
193697431
193697437
193697440
193697445
193697448
193697451
193697454
193697457
193697460
193697463
193697467
193697470
193697473
193697477
193697483
193697489
193697494
193697500
193697506
193697514
193697519
193697528
193697533
193697538
193697546
193697551
193697556
193697562
193697569
193697574
193697580
193697585
193697590
193697596
193697602
193697607
193697613
193697617
193697620
193697623
193697627
193697630
193697633
193697636
193697639
193697643
193697646
193697649
193697652
193697655
193697658
193697662
193697670
193697676
193697682
193697688
193697693
193697699
193697704
193697711
193697717
193697722
193697728
193697732
193697735
193697739
193697742
193697745
193697748
193697751
193697754
193697757
193697760
193697763
193697766
193697769
193697772
193697775
193697778
193697781
193697784
193697787
193697790
193697793
193697799
193697805
193697810
193697816
193697824
193697827
193697832
193697837
193697842
193697845
193697848
193697851
193697854
193697857
193697860
193697863
193697866
193697869
193697872
193697875
193697878
193697881
193697885
193697889
193697892
193697895
193697898
193697901
193697904
193697907
193697910
193697913
193697916
193697919
193697922
193697925
193697928
193697931
193697934
193697937
193697940
193697943
193697946
193697949
193697952
193697955
193697958
193697961
193697964
193697969
193697977
193697987
193697994
193698001
193698010
193698019
193698026
193698035
193698053
193698059
193698067
193698072
193698079
193698084
193698090
193698099
193698109
193698118
193698134
193698142
193698152
193698164
193698170
193698177
193698190
193698197
193698204
193698209
193698212
193698220
193698227
193698234
193698240
193698246
193698253
193698263
193698273
193698283
193698289
193698296
193698304
193698313
193698322
193698341
193698349
193698357
193698366
193698377
193698387
193698418
193698426
193698436
193698456
193698463
193698470
193698477
193698484
193698491
193698495
193698498
193698505
193698512
193698518
193698526
193698536
193698545
193698556
193698564
193698581
193698590
193698609
193698622
193698629
193698637
193698644
193698650
193698657
193698664
193698672
193698679
193698688
193698697
193698706
193698715
193698725
193698734
193698738
193698745
193698758
193698765
193698769
193698776
193698782
193698789
193698796
193698803
193698809
193698813
193698817
193698824
193698831
193698838
193698845
193698849
193698853
193698861
193698869
193698875
193698882
193698889
193698896
193698903
193698910
193698922
193698930
193698937
193698945
193698958
193698966
193698972
193698979
193698986
193698993
193699004
193699015
193699024
193699033
193699041
193699049
193699057
193699069
193699078
193699086
193699094
193699102
193699105
193699110
193699118
193699125
193699131
193699139
193699146
193699153
193699160
193699168
193699173
193699176
193699183
193699189
193699197
193699204
193699217
193699224
193699232
193699239
193699247
193699254
193699262
193699265
193699271
193699279
193699282
193699288
193699295
193699302
193699317
193699323
193699331
193699338
193699353
193699362
193699370
193699380
193699391
193699400
193699410
193699420
193699439
193699452
193699478
193699495
193699508
193699521
193699536
193699554
193699573
193699601
193699612
193699619
193699625
193699633
193699642
193699651
193699661
193699668
193699674
193699683
193699693
193699707
193699719
193699731
193699742
193699755
193699767
193699776
193699786
193699796
193699804
193699811
193699818
193699831
193699837
193699844
193699851
193699864
193699872
193699879
193699885
193699890
193699898
193699903
193699907
193699916
193699922
193699928
193699934
193699942
193699951
193699961
193699969
193699975
193699982
193699989
193700001
193700007
193700010
193700015
193700021
193700024
193700029
193700032
193700037
193700044
193700056
193700063
193700066
193700072
193700078
193700085
193700090
193700093
193700100
193700107
193700114
193700127
193700135
193700142
193700149
193700156
193700163
193700169
193700176
193700183
193700189
193700197
193700205
193700212
193700220
193700227
193700234
193700242
193700251
193700261
193700269
193700274
193700287
193700295
193700304
193700314
193700323
193700342
193700350
193700358
193700365
193700374
193700387
193700394
193700397
193700402
193700409
193700415
193700423
193700430
193700437
193700444
193700451
193700456
193700460
193700466
193700470
193700474
193700481
193700488
193700494
193700501
193700508
193700515
193700521
193700529
193700536
193700543
193700549
193700556
193700560
193700567
193700572
193700582
193700591
193700600
193700609
193700615
193700623
193700633
193700642
193700652
193700661
193700669
193700676
193700685
193700694
193700705
193700711
193700718
193700729
193700738
193700745
193700754
193700764
193700773
193700783
193700794
193700803
193700813
193700819
193700824
193700834
193700842
193700848
193700855
193700861
193700868
193700875
193700882
193700889
193700896
193700903
193700910
193700916
193700922
193700929
193700936
193700941
193700945
193700952
193700958
193700971
193700978
193700984
193700987
193700994
193701000
193701005
193701010
193701017
193701024
193701030
193701037
193701041
193701048
193701055
193701065
193701074
193701083
193701093
193701101
193701108
193701117
193701126
193701134
193701144
193701150
193701156
193701169
193701180
193701190
193701197
193701206
193701216
193701225
193701235
193701243
193701250
193701260
193701267
193701273
193701281
193701288
193701295
193701302
193701309
193701315
193701323
193701331
193701338
193701345
193701353
193701360
193701372
193701375
193701380
193701386
193701399
193701412
193701415
193701420
193701434
193701441
193701447
193701454
193701461
193701467
193701476
193701479
193701484
193701491
193701497
193701503
193701510
193701517
193701525
193701529
193701532
193701539
193701546
193701554
193701557
193701561
193701569
193701576
193701583
193701589
193701598
193701605
193701615
193701619
193701624
193701631
193701644
193701651
193701658
193701665
193701677
193701684
193701691
193701698
193701705
193701712
193701719
193701725
193701739
193701748
193701757
193701766
193701786
193701792
193701801
193701809
193701816
193701821
193701831
193701840
193701850
193701859
193701874
193701884
193701892
193701900
193701909
193701918
193701927
193701934
193701942
193701952
193701959
193701966
193701985
193701991
193701994
193702000
193702007
193702014
193702021
193702028
193702042
193702050
193702056
193702063
193702070
193702076
193702079
193702085
193702092
193702101
193702107
193702114
193702120
193702127
193702134
193702141
193702148
193702155
193702164
193702174
193702193
193702200
193702208
193702218
193702227
193702236
193702244
193702254
193702262
193702272
193702281
193702291
193702297
193702303
193702321
193702331
193702349
193702357
193702364
193702376
193702389
193702395
193702402
193702409
193702416
193702422
193702429
193702436
193702443
193702453
193702461
193702474
193702481
193702487
193702493
193702499
193702506
193702515
193702523
193702530
193702538
193702545
193702553
193702560
193702566
193702574
193702582
193702589
193702596
193702602
193702610
193702617
193702631
193702640
193702648
193702659
193702668
193702678
193702687
193702695
193702704
193702717
193702727
193702735
193702744
193702754
193702763
193702773
193702780
193702788
193702794
193702801
193702809
193702816
193702822
193702829
193702836
193702843
193702849
193702856
193702863
193702870
193702880
193702887
193702892
193702902
193702912
193702922
193702933
193702944
193702953
193702964
193702972
193702984
193702989
193702996
193703001
193703005
193703012
193703019
193703027
193703038
193703043
193703049
193703056
193703064
193703071
193703080
193703087
193703094
193703102
193703109
193703116
193703123
193703129
193703144
193703153
193703165
193703173
193703181
193703190
193703201
193703211
193703221
193703234
193703246
193703257
193703270
193703282
193703310
193703321
193703341
193703346
193703350
193703355
193703362
193703370
193703377
193703384
193703390
193703397
193703404
193703411
193703418
193703425
193703433
193703440
193703447
193703454
193703460
193703466
193703475
193703481
193703488
193703494
193703503
193703511
193703518
193703531
193703538
193703543
193703546
