193696913
193696916
193696919
193696922
193696925
193696928
193696932
193696935
193696938
193696941
193696944
193696947
193696950
193696953
193696956
193696959
193696962
193696965
193696968
193696973
193696980
193696985
193696991
193696996
193697001
193697011
193697017
193697021
193697027
193697032
193697040
193697045
193697050
193697055
193697064
193697069
193697072
193697075
193697078
193697081
193697084
193697087
193697090
193697093
193697096
193697099
193697102
193697105
193697108
193697111
193697114
193697117
193697120
193697123
193697127
193697132
193697137
193697142
193697148
193697152
193697158
193697163
193697168
193697173
193697182
193697188
193697191
193697194
193697197
193697200
193697203
193697206
193697209
193697212
193697216
193697219
193697222
193697225
193697228
193697232
193697235
193697239
193697242
193697245
193697249
193697253
193697256
193697260
193697263
193697266
193697270
193697273
193697276
193697279
193697282
193697285
193697288
193697291
193697294
193697297
193697300
193697304
193697311
193697316
193697321
193697326
193697331
193697337
193697342
193697349
193697354
193697357
193697362
193697368
193697374
193697379
193697386
193697400
193697404
193697410
193697413
193697416
193697419
193697422
193697425
193697429
193697434
193697438
193697442
193697446
193697449
193697452
193697455
193697458
193697461
193697465
193697468
193697471
193697474
193697479
193697485
193697490
193697496
193697503
193697508
193697515
193697521
193697530
193697535
193697540
193697547
193697553
193697558
193697564
193697571
193697576
193697581
193697587
193697593
193697598
193697603
193697610
193697615
193697618
193697621
193697624
193697628
193697631
193697634
193697637
193697641
193697644
193697647
193697650
193697653
193697656
193697659
193697663
193697672
193697678
193697684
193697689
193697695
193697701
193697709
193697714
193697719
193697724
193697730
193697733
193697736
193697740
193697743
193697746
193697749
193697752
193697755
193697758
193697761
193697764
193697767
193697770
193697773
193697776
193697779
193697782
193697785
193697788
193697791
193697795
193697800
193697807
193697812
193697817
193697825
193697828
193697833
193697839
193697843
193697846
193697849
193697852
193697855
193697858
193697861
193697864
193697867
193697870
193697873
193697876
193697879
193697882
193697887
193697890
193697893
193697896
193697899
193697902
193697905
193697908
193697911
193697914
193697917
193697920
193697923
193697926
193697929
193697932
193697935
193697938
193697941
193697944
193697947
193697950
193697953
193697956
193697959
193697962
193697966
193697971
193697980
193697989
193697997
193698004
193698014
193698022
193698028
193698039
193698055
193698061
193698069
193698074
193698080
193698085
193698093
193698102
193698111
193698121
193698137
193698146
193698154
193698166
193698173
193698185
193698192
193698199
193698206
193698210
193698216
193698222
193698229
193698236
193698242
193698248
193698256
193698266
193698275
193698286
193698291
193698298
193698307
193698316
193698325
193698344
193698352
193698361
193698369
193698380
193698399
193698421
193698430
193698449
193698459
193698466
193698472
193698479
193698486
193698493
193698496
193698500
193698507
193698514
193698520
193698529
193698539
193698549
193698558
193698576
193698583
193698593
193698618
193698625
193698632
193698639
193698646
193698652
193698659
193698668
193698674
193698681
193698691
193698700
193698709
193698718
193698727
193698735
193698740
193698753
193698760
193698767
193698772
193698778
193698785
193698792
193698798
193698805
193698811
193698814
193698819
193698827
193698833
193698840
193698846
193698850
193698856
193698863
193698871
193698877
193698884
193698891
193698898
193698906
193698916
193698925
193698932
193698939
193698953
193698960
193698968
193698975
193698981
193698989
193698996
193699008
193699018
193699027
193699035
193699043
193699053
193699062
193699072
193699081
193699089
193699096
193699103
193699106
193699113
193699120
193699127
193699135
193699141
193699148
193699155
193699163
193699170
193699174
193699178
193699185
193699192
193699199
193699207
193699220
193699227
193699234
193699241
193699250
193699258
193699263
193699266
193699274
193699280
193699283
193699290
193699297
193699312
193699319
193699327
193699334
193699340
193699357
193699365
193699374
193699382
193699394
193699405
193699414
193699430
193699442
193699455
193699483
193699500
193699513
193699525
193699539
193699559
193699585
193699604
193699615
193699621
193699627
193699637
193699646
193699654
193699663
193699670
193699678
193699686
193699698
193699711
193699724
193699735
193699746
193699758
193699770
193699780
193699789
193699799
193699806
193699813
193699820
193699833
193699840
193699847
193699854
193699867
193699874
193699881
193699888
193699894
193699900
193699904
193699910
193699918
193699923
193699931
193699936
193699945
193699954
193699963
193699971
193699978
193699984
193699991
193700003
193700008
193700011
193700017
193700022
193700025
193700030
193700033
193700039
193700046
193700059
193700064
193700067
193700074
193700081
193700087
193700091
193700095
193700102
193700110
193700116
193700130
193700137
193700144
193700152
193700158
193700165
193700171
193700178
193700185
193700192
193700200
193700207
193700214
193700222
193700229
193700236
193700245
193700254
193700263
193700271
193700280
193700289
193700299
193700308
193700317
193700336
193700345
193700354
193700360
193700368
193700377
193700390
193700395
193700398
193700404
193700411
193700418
193700426
193700432
193700439
193700446
193700453
193700457
193700462
193700468
193700471
193700476
193700483
193700490
193700496
193700503
193700510
193700517
193700524
193700531
193700538
193700545
193700552
193700558
193700563
193700569
193700576
193700586
193700595
193700603
193700611
193700617
193700627
193700637
193700646
193700655
193700664
193700672
193700679
193700688
193700698
193700707
193700714
193700723
193700733
193700740
193700747
193700757
193700767
193700777
193700787
193700797
193700807
193700815
193700820
193700832
193700837
193700843
193700850
193700857
193700864
193700871
193700878
193700884
193700891
193700898
193700905
193700912
193700918
193700925
193700931
193700938
193700942
193700947
193700954
193700961
193700974
193700980
193700985
193700988
193700996
193701003
193701006
193701012
193701019
193701026
193701033
193701038
193701043
193701050
193701058
193701068
193701076
193701088
193701096
193701104
193701110
193701120
193701129
193701138
193701147
193701152
193701162
193701172
193701184
193701193
193701201
193701210
193701219
193701228
193701238
193701245
193701253
193701262
193701269
193701276
193701284
193701290
193701297
193701304
193701312
193701316
193701325
193701334
193701340
193701347
193701355
193701362
193701373
193701376
193701382
193701388
193701408
193701413
193701416
193701423
193701436
193701443
193701450
193701456
193701462
193701470
193701477
193701480
193701486
193701493
193701499
193701505
193701512
193701519
193701527
193701530
193701534
193701541
193701548
193701555
193701558
193701564
193701571
193701578
193701585
193701592
193701600
193701609
193701617
193701620
193701626
193701633
193701646
193701653
193701660
193701673
193701680
193701686
193701694
193701700
193701707
193701714
193701721
193701729
193701741
193701750
193701760
193701779
193701788
193701794
193701803
193701812
193701818
193701824
193701834
193701843
193701852
193701862
193701877
193701886
193701895
193701903
193701912
193701921
193701929
193701936
193701948
193701955
193701961
193701968
193701988
193701992
193701996
193702003
193702010
193702016
193702023
193702031
193702045
193702052
193702059
193702065
193702072
193702077
193702080
193702087
193702094
193702102
193702109
193702116
193702123
193702129
193702136
193702143
193702150
193702159
193702167
193702176
193702195
193702202
193702211
193702222
193702230
193702239
193702247
193702257
193702265
193702275
193702284
193702294
193702299
193702306
193702324
193702333
193702352
193702359
193702366
193702378
193702391
193702398
193702404
193702411
193702418
193702425
193702432
193702438
193702445
193702456
193702463
193702476
193702483
193702489
193702494
193702502
193702513
193702517
193702525
193702532
193702540
193702547
193702555
193702562
193702569
193702577
193702584
193702591
193702598
193702605
193702612
193702620
193702634
193702643
193702652
193702662
193702671
193702681
193702690
193702698
193702707
193702720
193702729
193702738
193702747
193702757
193702766
193702775
193702782
193702790
193702797
193702804
193702811
193702818
193702825
193702831
193702838
193702845
193702851
193702858
193702865
193702874
193702884
193702888
193702895
193702906
193702916
193702925
193702936
193702947
193702956
193702967
193702982
193702985
193702992
193702998
193703002
193703006
193703014
193703022
193703029
193703040
193703044
193703051
193703059
193703066
193703073
193703083
193703090
193703096
193703105
193703111
193703118
193703125
193703132
193703148
193703157
193703167
193703175
193703185
193703193
193703205
193703215
193703225
193703237
193703250
193703262
193703274
193703286
193703313
193703326
193703342
193703348
193703351
193703357
193703365
193703373
193703380
193703386
193703393
193703400
193703406
193703413
193703421
193703428
193703435
193703442
193703449
193703456
193703462
193703469
193703477
193703483
193703490
193703499
193703506
193703513
193703520
193703533
193703541
193703544
193703549
