191795276
191795277
191795278
191795279
191795280
191795281
191795282
191795283
191795285
191795286
191795288
191795289
191795290
191795292
191795294
191795295
191795296
191795298
191795299
191795300
191795301
191795302
191795303
191795305
191795306
191795307
191795309
191795310
191795311
191795312
191795313
191795315
191795316
191795318
191795319
191795320
191795321
191795323
191795324
191795325
191795326
191795328
191795329
191795331
191795333
191795334
191795335
191795336
191795338
191795339
191795340
191795341
191795342
191795343
191795344
191795346
191795347
191795348
191795350
191795352
191795353
191795354
191795355
191795356
191795357
191795358
191795359
191795360
191795361
191795362
191795363
191795364
191795365
191795366
191795367
191795368
191795369
191795370
191795371
191795372
191795373
191795374
191795375
191795376
191795377
191795378
191795379
191795380
191795381
191795382
191795383
191795384
191795385
191795386
191795387
191795388
191795389
191795390
191795391
191795392
191795393
191795394
191795395
191795396
191795397
191795398
191795399
191795400
191795401
191795402
191795403
191795404
191795405
191795406
191795407
191795408
191795409
191795410
191795411
191795412
191795413
191795414
191795415
191795416
191795418
191795419
191795420
191795421
191795422
191795423
191795424
191795425
191795426
191795427
191795428
191795429
191795430
191795431
191795432
191795433
191795434
191795435
191795436
191795437
191795438
191795439
191795440
191795441
191795442
191795443
191795444
191795445
191795446
191795447
191795448
191795449
191795450
191795451
191795452
191795453
191795454
191795455
191795456
191795457
191795458
191795459
191795460
191795463
191795464
191795465
191795466
191795467
191795468
191795469
191795470
191795471
191795472
191795473
191795474
191795475
191795476
191795477
191795478
191795479
191795480
191795481
191795482
191795483
191795484
191795485
191795486
191795487
191795488
191795489
191795490
191795491
191795492
191795493
191795494
191795495
191795496
191795497
191795498
191795499
191795500
191795501
191795502
191795503
191795504
191795505
191795506
191795507
191795508
191795509
191795510
191795511
191795512
191795513
191795515
191795516
191795517
191795518
191795519
191795520
191795521
191795522
191795523
191795524
191795525
191795526
191795527
191795528
191795530
191795531
191795532
191795533
191795534
191795535
191795536
191795537
191795538
191795539
191795541
191795543
191795544
191795545
191795546
191795547
191795548
191795549
191795550
191795551
191795552
191795553
191795554
191795556
191795557
191795558
191795559
191795560
191795561
191795562
191795563
191795564
191795565
191795566
191795567
191795570
191795571
191795573
191795574
191795575
191795576
191795577
191795578
191795579
191795580
191795581
191795582
191795584
191795586
191795587
191795588
191795589
191795590
191795591
191795592
191795593
191795594
191795595
191795596
191795598
191795599
191795600
191795601
191795602
191795603
191795604
191795605
191795606
191795607
191795608
191795609
191795610
191795611
191795612
191795613
191795615
191795616
191795617
191795618
191795619
191795620
191795621
191795622
191795623
191795624
191795625
191795626
191795627
191795628
191795629
191795630
191795631
191795632
191795633
191795635
191795636
191795637
191795638
191795639
191795640
191795641
191795642
191795643
191795644
191795645
191795646
191795647
191795648
191795649
191795650
191795651
191795653
191795654
191795655
191795656
191795657
191795658
191795659
191795660
191795661
191795662
191795663
191795664
191795665
191795666
191795667
191795668
191795669
191795670
191795672
191795673
191795674
191795675
191795676
191795677
191795678
191795679
191795680
191795681
191795682
191795683
191795684
191795685
191795686
191795687
191795688
191795690
191795691
191795692
191795693
191795694
191795695
191795696
191795697
191795698
191795699
191795700
191795701
191795702
191795703
191795704
191795705
191795706
191795707
191795708
191795709
191795710
191795711
191795712
191795713
191795714
191795715
191795716
191795717
191795718
191795719
191795720
191795721
191795722
191795723
191795724
191795725
191795726
191795727
191795728
191795729
191795730
191795731
191795732
191795733
191795734
191795735
191795736
191795737
191795738
191795739
191795740
191795741
191795742
191795743
191795744
191795745
191795746
191795747
191795748
191795749
191795750
191795751
191795752
191795753
191795754
191795755
191795756
191795757
191795758
191795759
191795760
191795761
191795762
191795763
191795764
191795765
191795766
191795767
191795768
191795769
191795770
191795771
191795772
191795773
191795774
191795775
