192534144
192534145
192534146
192534147
192534148
192534149
192534150
192534151
192534152
192534153
192534154
192534155
192534156
192534157
192534158
192534160
192534162
192534164
192534165
192534167
192534168
192534170
192534171
192534172
192534174
192534175
192534176
192534177
192534178
192534179
192534180
192534182
192534183
192534185
192534186
192534187
192534188
192534189
192534190
192534191
192534192
192534193
192534194
192534196
192534197
192534198
192534199
192534200
192534202
192534204
192534205
192534207
192534208
192534211
192534212
192534213
192534214
192534216
192534217
192534219
192534221
192534223
192534225
192534227
192534228
192534229
192534230
192534233
192534234
192534236
192534237
192534238
192534239
192534242
192534243
192534244
192534245
192534246
192534247
192534248
192534249
192534250
192534251
192534252
192534253
192534254
192534255
192534257
192534258
192534259
192534260
192534261
192534262
192534263
192534264
192534265
192534266
192534267
192534268
192534269
192534270
192534272
192534273
192534274
192534275
192534278
192534279
192534280
192534281
192534282
192534283
192534285
192534286
192534287
192534288
192534289
192534290
192534291
192534292
192534295
192534296
192534298
192534299
192534302
192534304
192534307
192534309
192534311
192534314
192534316
192534318
192534320
192534323
192534325
192534333
192534335
192534337
192534340
192534342
192534343
192534344
192534345
192534347
192534350
192534353
192534355
192534358
192534360
192534363
192534366
192534370
192534372
192534375
192534378
192534381
192534383
192534386
192534388
192534391
192534394
192534396
192534399
192534401
192534404
192534407
192534410
192534412
192534416
192534418
192534421
192534423
192534426
192534428
192534431
192534433
192534436
192534438
192534441
192534443
192534445
192534446
192534447
192534448
192534450
192534452
192534455
192534457
192534459
192534462
192534464
192534467
192534470
192534472
192534474
192534476
192534479
192534481
192534484
192534487
192534489
192534490
192534491
192534492
192534493
192534495
192534496
192534497
192534498
192534499
192534500
192534502
192534503
192534504
192534505
192534506
192534507
192534508
192534509
192534510
192534511
192534512
192534514
192534515
192534516
192534517
192534518
192534519
192534521
192534522
192534523
192534524
192534525
192534526
192534527
192534528
192534529
192534530
192534531
192534532
192534533
192534534
192534536
192534537
192534538
192534539
192534540
192534541
192534542
192534543
192534544
192534546
192534549
192534550
192534551
192534552
192534553
192534554
192534555
192534556
192534557
192534559
192534560
192534561
192534562
192534563
192534564
192534565
192534566
192534567
192534568
192534570
192534571
192534572
192534573
192534574
192534575
192534577
192534578
192534579
192534580
192534581
192534582
192534584
192534588
192534590
192534592
192534593
192534595
192534596
192534597
192534598
192534599
192534600
192534601
192534602
192534603
192534605
192534606
192534607
192534608
192534609
192534610
192534611
192534612
192534613
192534614
192534615
192534616
192534618
192534619
192534620
192534621
192534622
192534623
192534624
192534625
192534626
192534627
192534628
192534630
192534632
192534633
192534635
192534636
192534637
192534638
192534640
192534641
192534642
192534643
192534644
192534645
192534646
192534647
192534648
192534649
192534650
192534651
192534652
192534653
192534654
192534655
192534656
192534658
192534659
192534660
192534661
192534662
192534663
192534664
192534665
192534666
192534667
192534668
192534669
192534670
192534671
192534672
192534673
192534674
192534675
192534676
192534677
192534678
192534680
192534681
192534682
192534683
192534684
192534685
192534686
192534687
192534688
192534689
192534691
192534693
192534694
192534695
192534696
192534699
192534700
192534701
192534702
192534703
192534704
192534705
192534706
192534707
192534708
192534709
192534710
192534711
192534712
192534713
192534714
192534715
192534716
192534717
192534718
192534720
192534721
192534723
192534724
192534725
192534726
192534727
192534728
192534729
192534730
192534731
192534732
192534733
192534734
192534735
192534736
192534737
192534738
192534740
192534741
192534742
192534743
192534745
192534746
192534747
192534748
192534749
192534751
192534752
192534753
192534754
192534755
192534756
192534757
192534758
192534759
192534761
192534762
192534763
192534764
192534765
192534766
192534767
192534768
192534769
192534770
192534771
192534772
192534773
192534774
192534776
192534777
192534778
192534779
192534780
192534781
192534782
192534783
192534784
192534785
192534786
192534787
192534788
192534789
192534790
192534791
192534792
192534793
192534794
192534795
192534796
192534797
192534798
192534799
192534800
192534801
192534802
192534803
192534804
192534805
192534806
192534808
192534809
192534810
192534811
192534812
192534813
192534814
192534815
192534817
192534819
192534820
192534822
192534824
192534825
192534826
192534827
192534828
192534829
192534830
192534831
192534832
192534833
192534834
192534835
192534836
192534837
192534838
192534839
192534840
192534841
192534842
192534843
192534844
192534846
192534847
192534848
192534849
192534850
192534851
192534852
192534853
192534854
192534855
192534856
192534857
192534858
192534859
192534860
192534861
192534862
192534863
192534864
192534865
192534866
192534867
192534869
192534870
192534871
192534873
192534874
192534875
192534877
192534878
192534879
192534880
192534881
192534882
192534883
192534884
192534885
192534887
192534888
192534889
192534890
192534891
192534892
192534893
192534894
192534895
192534896
192534897
192534898
192534899
192534900
192534901
192534902
192534903
192534904
192534905
192534907
192534908
192534909
192534911
192534912
192534913
192534914
192534915
192534916
192534917
192534918
192534919
192534920
192534921
192534922
192534923
192534924
192534925
192534926
192534927
192534928
192534929
192534930
192534931
192534932
192534933
192534934
192534935
192534936
192534937
192534938
192534939
192534940
192534941
192534942
192534943
192534944
192534945
192534946
192534947
192534948
192534950
192534951
192534952
192534953
192534954
192534955
192534956
192534957
192534958
192534959
192534960
192534961
192534962
192534963
192534964
192534965
192534966
192534967
192534968
192534969
192534970
192534971
192534972
192534973
192534974
192534975
192534976
192534977
192534978
192534979
192534980
192534981
192534982
192534984
192534985
192534986
192534987
192534988
192534989
192534990
192534991
192534993
192534994
192534995
192534996
192534997
192534998
192534999
192535000
192535001
192535002
192535003
192535004
192535005
192535006
192535007
192535008
192535009
192535010
192535011
192535012
192535013
192535014
192535015
192535016
192535017
192535018
192535019
192535020
192535021
192535022
192535023
192535024
192535025
192535026
192535027
192535028
192535029
192535030
192535031
192535032
192535033
192535034
192535035
192535036
192535037
192535039
192535041
192535042
192535043
192535044
192535045
192535046
192535047
192535048
192535049
192535051
192535052
192535053
192535054
192535055
192535056
192535057
192535058
192535059
192535060
192535061
192535062
192535063
192535064
192535065
192535066
192535067
192535068
192535069
192535070
192535071
192535072
192535073
192535074
192535075
192535076
192535077
192535079
192535080
192535081
192535082
192535083
192535084
192535085
192535086
192535087
192535088
192535089
192535090
192535091
192535093
192535094
192535095
192535096
192535097
192535098
192535099
192535100
192535101
192535102
192535103
192535104
192535105
192535106
192535107
192535108
192535109
192535110
192535111
192535112
192535113
192535114
192535115
192535116
192535117
192535118
192535119
192535120
192535121
192535122
192535123
192535124
192535125
192535126
192535127
192535128
192535129
192535130
192535131
192535132
192535133
192535134
192535135
192535136
192535137
192535138
192535139
192535140
192535141
192535142
192535143
192535144
192535145
192535146
192535147
192535148
192535149
192535150
192535151
192535152
192535153
192535154
192535155
192535156
192535157
192535158
192535159
192535160
192535161
192535162
192535163
192535164
192535165
192535166
192535167
192535168
192535169
192535170
192535171
192535172
192535174
192535175
192535176
192535177
192535178
192535179
192535180
192535181
192535182
192535183
192535184
192535185
192535186
192535187
192535188
192535189
192535190
192535191
192535192
192535193
192535194
192535195
192535196
192535197
192535198
192535199
192535200
192535201
192535202
192535203
192535204
192535205
192535206
192535208
192535209
192535210
192535211
192535212
192535213
192535214
192535215
192535216
192535217
192535218
192535219
192535220
192535221
192535222
192535223
192535225
192535226
192535227
192535228
192535229
192535230
192535231
192535232
192535233
192535234
192535235
192535236
192535237
192535240
192535242
192535244
192535245
192535246
192535247
192535248
192535249
192535250
192535251
192535252
192535253
192535254
192535255
192535256
192535257
192535258
192535259
192535260
192535261
192535262
192535263
192535264
192535265
192535266
192535267
192535268
192535269
192535271
192535272
192535273
192535274
192535275
192535276
192535277
192535278
192535279
192535280
192535281
192535282
192535285
192535286
192535287
192535288
192535289
192535290
192535291
192535292
192535293
192535294
192535295
192535296
192535297
192535299
192535300
192535301
192535302
192535303
192535304
192535305
192535306
192535307
192535308
192535309
192535310
192535311
192535312
192535313
192535314
192535315
192535316
192535317
192535318
192535319
192535321
192535323
192535324
192535325
192535326
192535327
192535328
192535329
192535331
192535332
192535333
192535334
192535335
192535336
192535337
192535338
192535339
192535340
192535341
192535342
192535344
192535345
192535346
192535347
192535348
192535349
192535351
192535352
192535353
192535354
192535356
192535357
192535358
192535359
192535360
192535361
192535362
192535363
192535364
192535365
192535366
192535367
192535368
192535369
192535370
192535371
192535372
192535373
192535374
192535375
192535376
192535377
192535378
192535379
192535380
192535381
192535382
192535383
192535384
192535386
192535387
192535388
192535389
192535390
192535391
192535392
192535393
192535394
192535395
192535396
192535397
192535398
192535399
192535400
192535401
192535402
192535403
192535404
192535405
192535406
192535407
192535408
192535409
192535411
192535412
192535413
192535414
192535415
192535416
192535418
192535419
192535420
192535421
192535422
192535423
192535424
192535425
192535426
192535427
192535428
192535429
192535430
192535431
192535432
192535433
192535434
192535435
192535436
192535438
192535439
192535440
192535441
192535442
192535443
192535444
192535445
192535446
192535447
192535448
192535449
192535450
192535452
192535454
192535455
192535457
192535458
192535460
192535461
192535462
192535463
192535464
192535465
192535466
192535467
192535468
192535469
192535470
192535471
192535472
192535473
192535474
192535475
192535476
192535477
192535478
192535479
192535480
192535481
192535482
192535483
192535484
192535485
192535486
192535487
192535488
192535489
192535490
192535491
192535492
192535493
192535494
192535495
192535496
192535497
192535498
192535499
192535500
192535501
192535502
192535503
192535504
192535505
192535506
192535507
192535508
192535509
192535510
192535511
192535512
192535513
192535514
192535515
192535516
192535517
192535518
192535519
192535520
192535521
192535522
192535523
192535524
192535525
192535526
192535527
192535528
192535530
192535531
192535532
192535533
192535534
192535535
192535536
192535537
192535538
192535539
192535540
192535541
192535542
192535543
192535544
192535545
192535548
192535549
192535550
192535552
192535553
192535554
192535555
192535557
192535558
192535559
192535561
192535562
192535563
192535566
192535567
192535568
192535569
192535572
192535573
192535575
192535576
192535577
192535579
192535580
192535581
192535582
192535583
192535585
192535586
192535587
192535588
192535590
192535592
192535594
192535595
192535596
192535598
192535599
192535600
192535601
192535603
192535604
192535605
192535607
192535608
192535609
192535611
192535612
192535613
192535614
192535616
192535617
192535618
192535620
192535621
192535622
192535624
192535626
192535627
192535630
192535631
192535632
192535634
192535635
192535636
192535637
192535639
192535640
192535641
192535643
192535644
192535645
192535647
192535649
192535651
192535652
192535653
192535654
192535656
192535657
192535658
192535659
192535660
192535662
192535663
192535664
192535665
192535667
192535668
192535669
192535671
192535672
192535673
192535674
192535676
192535677
192535678
192535680
192535681
192535682
192535684
192535685
192535686
192535688
192535689
192535690
192535692
192535693
192535694
192535696
192535698
192535700
192535701
192535704
192535705
192535706
192535707
192535708
192535710
192535712
192535713
192535714
192535715
192535716
192535718
192535721
192535723
192535724
192535725
192535727
192535728
192535729
192535730
192535731
192535733
192535734
192535735
192535736
192535738
192535739
192535742
192535743
192535745
192535746
192535747
192535748
192535749
192535750
192535751
192535754
192535755
192535756
192535757
192535759
192535760
192535761
192535762
192535763
192535765
192535766
192535768
192535769
192535770
192535772
192535773
192535774
192535775
192535776
192535777
192535779
192535781
192535782
192535783
192535784
192535785
192535787
192535788
192535789
192535791
192535792
192535794
192535796
192535797
192535798
192535800
192535801
192535802
192535803
192535804
192535806
192535807
192535809
192535810
192535812
192535813
192535816
192535817
192535819
192535820
192535822
192535824
192535826
192535828
192535829
192535830
192535832
192535834
192535835
192535837
192535838
192535840
192535842
192535843
192535844
192535846
192535847
192535848
192535849
192535851
192535852
192535853
192535854
192535855
192535856
192535857
192535858
192535860
192535861
192535862
192535863
192535864
192535865
192535866
192535867
192535869
192535870
192535871
192535872
192535873
192535874
192535875
192535879
192535880
192535881
192535882
192535883
192535884
192535885
192535886
192535887
192535888
192535889
192535891
192535892
192535893
192535894
192535895
192535896
192535897
192535898
192535899
192535900
192535901
192535902
192535904
192535906
192535908
192535910
192535911
192535914
192535915
192535916
192535917
192535918
192535920
192535921
192535922
192535923
192535924
192535925
192535926
192535927
192535929
192535930
192535931
192535932
192535933
192535934
192535935
192535936
192535937
192535938
192535940
192535941
192535942
192535943
192535944
192535945
192535946
192535947
192535949
192535950
192535951
192535952
192535953
192535954
192535955
192535957
192535958
192535959
192535960
192535961
192535962
192535963
192535964
192535965
192535966
192535968
192535969
192535970
192535971
192535972
192535973
192535974
192535976
192535978
192535979
192535981
192535982
192535983
192535984
192535985
192535986
192535987
192535988
192535989
192535991
192535992
192535993
192535994
192535997
192535998
192535999
192536000
192536001
192536002
192536003
192536004
192536005
192536006
192536007
192536008
192536009
192536010
192536011
192536012
192536014
192536015
192536016
192536017
192536019
192536020
192536021
192536022
192536023
192536024
192536025
192536026
192536027
192536028
192536029
192536030
192536031
192536032
192536033
192536034
192536035
192536036
192536037
192536038
192536041
192536042
192536043
192536044
192536046
192536047
192536048
192536049
192536051
192536052
192536053
192536054
192536055
192536056
192536057
192536058
192536059
192536060
192536061
192536062
192536063
192536064
192536065
192536066
192536067
192536068
192536069
192536070
192536071
192536072
192536073
192536074
192536075
192536076
192536077
192536078
192536079
192536080
192536081
192536082
192536083
192536084
192536085
192536086
192536087
192536088
192536089
192536090
192536091
192536092
192536093
192536094
192536096
192536097
192536098
192536099
192536100
192536102
192536103
192536104
192536106
192536107
192536108
192536109
192536110
192536111
192536112
192536113
192536114
192536115
192536116
192536117
192536118
192536119
192536120
192536121
192536122
192536123
192536124
192536125
192536126
192536127
192536128
192536129
192536130
192536132
192536133
192536134
192536135
192536136
192536137
192536138
192536139
192536140
192536141
192536142
192536143
192536144
192536145
192536147
192536148
192536149
192536150
192536151
192536152
192536153
192536154
192536155
192536157
192536158
192536159
192536161
192536163
192536164
192536166
192536167
192536168
192536169
192536171
192536173
192536174
192536175
192536176
192536178
192536179
192536180
192536181
192536182
192536183
192536184
192536185
192536186
192536187
192536189
192536190
192536191
192536192
192536193
192536195
192536196
192536197
192536198
192536199
192536200
192536201
192536202
192536203
192536204
192536206
192536207
192536208
192536209
192536210
192536211
192536212
192536213
192536214
192536215
192536217
192536219
192536220
192536221
192536222
192536223
192536224
192536225
192536226
192536227
192536229
192536230
192536231
192536232
192536233
192536234
192536235
192536236
192536237
192536238
192536239
192536241
192536242
192536243
192536244
192536245
192536246
192536247
192536248
192536249
192536250
192536251
192536252
192536253
192536254
192536255
192536256
192536258
192536259
192536260
192536261
192536262
192536263
192536264
192536265
192536266
192536267
192536269
192536270
192536271
192536272
192536273
192536274
192536275
192536276
192536277
192536278
192536279
192536280
192536281
192536282
192536283
192536284
192536285
192536286
192536287
192536288
192536289
192536290
192536291
192536292
192536293
192536294
192536295
192536296
192536297
192536298
192536299
192536300
192536301
192536302
192536303
192536304
192536305
192536306
192536307
192536308
192536309
192536310
192536311
192536312
192536313
192536314
192536315
192536316
192536317
192536318
192536319
192536320
192536321
192536322
192536323
192536324
192536325
192536326
192536327
192536328
192536329
192536330
192536331
192536332
192536333
192536334
192536335
192536336
192536337
192536338
192536339
192536340
192536341
192536342
192536343
192536344
192536346
192536347
192536349
192536350
192536351
192536352
192536353
192536354
192536355
192536356
192536357
192536358
192536359
192536360
192536361
192536362
192536363
192536364
192536365
192536366
192536367
192536368
192536369
192536370
192536371
192536372
192536373
192536374
192536375
192536376
192536377
192536378
192536379
192536380
192536381
192536382
192536383
192536384
192536385
192536386
192536387
192536390
192536392
192536393
192536394
192536395
192536396
192536397
192536398
192536399
192536400
192536401
192536402
192536403
192536404
192536405
192536406
192536407
192536408
192536409
192536410
192536411
192536412
192536413
192536414
192536415
192536416
192536417
192536418
192536419
192536421
192536423
192536424
192536425
192536426
192536427
192536428
192536429
192536430
192536431
192536432
192536433
192536434
192536435
192536436
192536438
192536439
192536440
192536441
192536442
192536443
192536444
192536445
192536446
192536447
192536448
192536449
192536450
192536452
192536453
192536454
192536455
192536456
192536457
192536458
192536459
192536460
192536461
192536463
192536465
192536466
192536467
192536468
192536469
192536470
192536471
192536473
192536475
192536477
192536478
192536479
192536480
192536481
192536482
192536484
192536485
192536487
192536489
192536490
192536491
192536492
192536493
192536494
192536495
192536496
192536497
192536499
192536500
192536501
192536503
192536505
192536506
192536507
192536508
192536509
192536510
192536511
192536512
192536513
192536514
192536515
192536516
192536517
192536518
192536519
192536520
192536521
192536523
192536524
192536525
192536526
192536527
192536528
192536529
192536531
192536533
192536537
192536538
192536540
192536541
192536542
192536543
192536545
192536546
192536547
192536548
192536549
192536550
192536552
192536553
192536554
192536556
192536557
192536559
192536561
192536563
192536564
192536565
192536566
192536567
192536568
192536569
192536570
192536571
192536572
192536573
192536574
192536575
192536576
192536577
192536578
192536579
192536580
192536581
192536582
192536583
192536584
192536585
192536586
192536587
192536588
192536589
192536590
192536591
192536592
192536593
192536594
192536595
192536596
192536597
192536598
192536599
192536600
192536601
192536602
192536603
192536604
192536605
192536606
192536607
192536608
192536609
192536611
192536612
192536613
192536614
192536615
192536616
192536617
192536618
192536619
192536620
192536621
192536622
192536623
192536624
192536625
192536626
192536627
192536628
192536629
192536630
192536631
192536632
192536633
192536634
192536635
192536636
192536637
192536638
192536639
192536640
192536641
192536642
192536643
192536644
192536645
192536646
192536647
192536648
192536649
192536650
192536651
192536652
192536653
192536654
192536655
192536656
192536657
192536658
192536659
192536660
192536661
192536662
192536663
192536664
192536665
192536666
192536667
192536668
192536669
192536670
192536671
192536672
192536673
192536674
192536675
192536676
192536677
192536678
192536679
192536680
192536681
192536682
192536683
192536684
192536685
192536686
192536687
192536688
192536689
192536690
192536691
192536692
192536693
192536694
192536695
192536696
192536698
192536700
192536702
192536703
192536705
192536706
192536707
192536708
192536709
192536710
192536711
192536712
192536713
192536714
192536715
192536716
192536717
192536718
192536719
192536720
192536721
192536722
192536723
192536724
192536725
192536726
192536727
192536728
192536729
192536730
192536731
192536732
192536733
192536734
192536735
192536736
192536737
192536738
192536739
192536740
192536741
192536742
192536743
192536744
192536745
192536746
192536747
192536748
192536749
192536750
192536751
192536752
192536754
192536755
192536756
192536757
192536758
192536759
192536760
192536761
192536762
192536763
192536764
192536765
192536766
192536767
192536768
192536769
192536771
192536773
192536774
192536775
192536776
192536777
192536778
192536779
192536780
192536781
192536782
192536783
192536784
192536785
192536786
192536787
192536788
192536789
192536790
192536791
192536792
192536793
192536794
192536795
192536796
192536797
192536798
192536799
192536800
192536801
192536802
192536803
192536804
192536805
192536806
192536807
192536808
192536810
192536811
192536812
192536813
192536814
192536815
192536816
192536817
192536818
192536819
192536820
192536821
192536822
192536823
192536824
192536825
192536826
192536827
192536828
192536829
192536830
192536831
192536832
192536833
192536834
192536835
192536836
192536837
192536838
192536839
192536840
192536841
192536842
192536843
192536844
192536845
192536847
192536848
192536849
192536850
192536851
192536853
192536854
192536855
192536856
192536857
192536858
192536859
192536860
192536861
192536862
192536863
192536864
192536865
192536866
192536867
192536868
192536869
192536870
192536871
192536872
192536873
192536874
192536875
192536876
192536877
192536878
192536879
192536880
192536881
192536882
192536885
192536886
192536887
192536888
192536889
192536890
192536891
192536892
192536893
192536894
192536895
192536896
192536897
192536898
192536899
192536900
192536901
192536902
192536903
192536904
192536906
192536907
192536908
192536909
192536910
192536911
192536912
192536913
192536914
192536915
192536916
192536917
192536918
192536919
192536920
192536921
192536922
192536923
192536924
192536925
192536926
192536927
192536928
192536929
192536930
192536931
192536932
192536933
192536934
192536935
192536936
192536937
192536938
192536939
192536940
192536941
192536942
192536943
192536944
192536945
192536946
192536947
192536948
192536949
192536950
192536951
192536953
192536954
192536955
192536956
192536957
192536958
192536959
192536960
192536961
192536962
192536963
192536964
192536965
192536966
192536967
192536968
192536969
192536970
192536972
192536973
192536974
192536975
192536976
192536977
192536978
192536979
192536980
192536981
192536982
192536983
192536984
192536985
192536986
192536987
192536988
192536989
192536990
192536991
192536992
192536993
192536994
192536995
192536996
192536997
192536998
192536999
192537000
192537001
192537002
192537003
192537004
192537006
192537007
192537008
192537010
192537011
192537012
192537013
192537014
192537015
192537016
192537017
192537018
192537019
192537020
192537021
192537023
192537024
192537025
192537026
192537027
192537028
192537029
192537030
192537031
192537032
192537033
192537034
192537035
192537036
192537037
192537038
192537039
192537040
192537042
192537044
192537045
192537046
192537047
192537048
192537049
192537050
192537051
192537053
192537054
192537055
192537056
192537057
192537058
192537059
192537060
192537061
192537062
192537063
192537064
192537065
192537066
192537067
192537068
192537069
192537070
192537071
192537072
192537074
192537075
192537076
192537077
192537078
192537079
192537081
192537082
192537083
192537084
192537085
192537086
192537088
192537089
192537090
192537091
192537093
192537094
192537095
192537097
192537098
192537099
192537100
192537101
192537102
192537103
192537104
192537105
192537106
192537107
192537108
192537109
192537110
192537111
192537112
192537113
192537114
192537115
192537116
192537117
192537118
192537119
192537120
