190759657
190759660
190759664
190759667
190759685
190759695
190759698
190759701
190759726
190759728
190759731
190759734
190759760
190759763
190759766
190759768
190759791
190759792
190759793
190759794
190759806
190759807
190759809
190759812
190759832
190759833
190759834
190759835
190759854
190759856
190759857
190759859
190759880
190759882
190759884
190759885
190759900
190759901
190759902
190759904
190759927
190759928
190759929
190759930
190759946
190759948
190759950
190759952
190759966
190759968
190759970
190759972
190759988
190759990
190759992
190759994
190760012
190760013
190760015
190760017
190760034
190760036
190760037
190760039
190760057
190760059
190760060
190760062
190760081
190760083
190760084
190760086
190760103
190760111
190760113
190760115
190760133
190760134
190760136
190760138
190760163
190760171
190760173
190760177
190760207
190760209
190760210
190760214
190760237
190760239
190760242
190760244
190760263
190760264
190760266
190760268
190760285
190760290
190760291
190760293
190760309
190760311
190760313
190760315
190760334
190760336
190760337
190760339
190760357
190760358
190760360
190760362
190760380
190760382
190760383
190760385
190760409
190760414
190760417
190760419
190760438
190760439
190760440
190760442
190760459
190760461
190760462
190760464
190760482
190760484
190760486
190760491
190760510
190760512
190760514
190760516
190760533
190760535
190760537
190760539
190760557
190760559
190760560
190760562
190760580
190760582
190760584
190760586
190760604
190760605
190760607
190760611
190760629
190760631
190760633
190760634
190760653
190760655
190760656
190760658
190760675
190760676
190760678
190760683
190760699
190760701
190760703
190760704
190760720
190760722
190760725
190760726
190760747
190760749
190760751
190760753
190760766
190760767
190760769
190760771
190760789
190760792
190760793
190760796
190760812
190760813
190760815
190760816
190760833
190760835
190760837
190760839
190760855
190760857
190760859
190760861
190760878
190760880
190760882
190760884
190760899
190760902
190760905
190760927
190760929
190760931
190760947
190760949
190760951
190760964
190760966
190760969
190760987
190760989
190760991
190761007
190761013
190761016
190761026
190761028
190761030
190761044
190761050
190761051
190761065
190761066
190761068
190761081
190761083
190761085
190761098
190761101
190761103
190761116
190761118
190761119
190761137
190761139
190761142
190761156
190761158
190761159
190761173
190761174
190761176
190761190
190761192
190761194
190761211
190761213
190761215
190761229
190761231
190761233
190761248
190761250
190761252
190761261
190761263
190761265
190761278
190761280
190761282
190761300
190761301
190761302
190761314
190761316
190761318
190761329
190761332
190761334
