190759647
190759650
190759652
190759655
190759674
190759676
190759679
190759682
190759715
190759717
190759720
190759723
190759748
190759751
190759754
190759757
190759782
190759784
190759786
190759789
190759802
190759803
190759804
190759805
190759825
190759827
190759829
190759830
190759846
190759848
190759849
190759851
190759868
190759870
190759876
190759878
190759894
190759896
190759898
190759899
190759915
190759918
190759919
190759925
190759939
190759941
190759943
190759945
190759959
190759960
190759962
190759964
190759981
190759983
190759985
190759986
190760003
190760005
190760008
190760010
190760026
190760028
190760030
190760032
190760049
190760051
190760053
190760055
190760072
190760074
190760076
190760079
190760095
190760097
190760099
190760101
190760125
190760127
190760129
190760131
190760153
190760155
190760158
190760160
190760195
190760198
190760201
190760204
190760230
190760232
190760234
190760236
190760254
190760256
190760258
190760261
190760277
190760279
190760281
190760283
190760302
190760304
190760306
190760308
190760324
190760326
190760330
190760332
190760349
190760351
190760353
190760355
190760371
190760373
190760375
190760378
190760394
190760396
190760398
190760400
190760428
190760430
190760436
190760437
190760451
190760453
190760455
190760457
190760474
190760476
190760478
190760480
190760501
190760504
190760505
190760508
190760526
190760528
190760529
190760531
190760550
190760552
190760553
190760555
190760572
190760574
190760576
190760579
190760595
190760597
190760600
190760602
190760622
190760623
190760625
190760627
190760646
190760648
190760649
190760651
190760667
190760669
190760671
190760673
190760692
190760694
190760695
190760697
190760713
190760715
190760717
190760718
190760736
190760738
190760740
190760742
190760760
190760761
190760762
190760764
190760781
190760783
190760785
190760787
190760805
190760807
190760809
190760811
190760825
190760827
190760829
190760831
190760848
190760850
190760852
190760854
190760870
190760872
190760874
190760876
190760892
190760894
190760897
190760918
190760920
190760925
190760940
190760942
190760945
190760958
190760960
190760962
190760981
190760983
190760985
190761000
190761002
190761005
190761023
190761024
190761025
190761038
190761040
190761042
190761059
190761061
190761063
190761076
190761077
190761079
190761092
190761094
190761096
190761110
190761112
190761114
190761127
190761130
190761132
190761150
190761152
190761154
190761167
190761169
190761171
190761185
190761187
190761189
190761205
190761207
190761209
190761222
190761223
190761225
190761240
190761244
190761246
190761257
190761258
190761260
190761272
190761274
190761275
190761294
190761296
190761297
190761309
190761311
190761312
190761323
190761325
190761327
