190759636
190759639
190759641
190759644
190759669
190759671
190759672
190759673
190759704
190759707
190759710
190759712
190759737
190759740
190759743
190759746
190759771
190759774
190759777
190759780
190759795
190759797
190759798
190759800
190759814
190759819
190759821
190759823
190759836
190759838
190759839
190759842
190759861
190759863
190759865
190759867
190759887
190759889
190759890
190759892
190759906
190759908
190759910
190759912
190759931
190759933
190759934
190759937
190759954
190759955
190759956
190759958
190759974
190759976
190759977
190759979
190759996
190759997
190759999
190760001
190760019
190760021
190760023
190760025
190760041
190760043
190760045
190760048
190760064
190760066
190760068
190760070
190760088
190760090
190760092
190760094
190760117
190760120
190760122
190760123
190760140
190760143
190760145
190760151
190760180
190760183
190760188
190760193
190760217
190760221
190760224
190760227
190760246
190760248
190760251
190760252
190760270
190760272
190760274
190760275
190760295
190760297
190760299
190760300
190760317
190760319
190760321
190760322
190760341
190760343
190760345
190760347
190760364
190760366
190760368
190760369
190760387
190760389
190760391
190760392
190760421
190760422
190760424
190760426
190760444
190760446
190760448
190760450
190760466
190760468
190760470
190760472
190760493
190760495
190760497
190760499
190760517
190760519
190760521
190760523
190760541
190760543
190760545
190760548
190760564
190760566
190760568
190760570
190760588
190760590
190760592
190760593
190760613
190760615
190760618
190760620
190760636
190760639
190760641
190760643
190760660
190760662
190760664
190760665
190760684
190760686
190760688
190760690
190760706
190760708
190760710
190760712
190760728
190760730
190760732
190760734
190760754
190760756
190760758
190760759
190760773
190760775
190760777
190760780
190760798
190760800
190760802
190760804
190760817
190760819
190760821
190760823
190760841
190760842
190760844
190760846
190760863
190760865
190760867
190760868
190760886
190760888
190760890
190760908
190760912
190760915
190760933
190760937
190760938
190760953
190760955
190760957
190760971
190760977
190760979
190760993
190760997
190760998
190761018
190761020
190761022
190761032
190761034
190761037
190761053
190761055
190761057
190761070
190761072
190761074
190761087
190761089
190761091
190761105
190761106
190761108
190761121
190761123
190761125
190761143
190761145
190761147
190761161
190761163
190761165
190761179
190761181
190761183
190761196
190761201
190761203
190761216
190761218
190761220
190761235
190761237
190761238
190761254
190761255
190761256
190761267
190761269
190761270
190761283
190761285
190761287
190761304
190761305
190761307
190761319
190761320
190761321
