190520326
190520327
190520328
190520330
190520341
190520342
190520343
190520344
190520354
190520355
190520356
190520357
190520369
190520370
190520372
190520373
190520385
190520386
190520387
190520388
190520397
190520398
190520399
190520400
190520409
190520410
190520411
190520412
190520424
190520426
190520427
190520428
190520439
190520440
190520441
190520443
190520454
190520455
190520456
190520457
190520466
190520467
190520468
190520469
190520478
190520479
190520480
190520481
190520492
190520493
190520494
190520495
190520506
190520507
190520509
190520510
190520519
190520520
190520522
190520523
190520537
190520538
190520539
190520540
190520549
190520550
190520551
190520552
190520563
190520564
190520566
190520569
190520580
190520581
190520582
190520583
190520593
190520594
190520595
190520596
190520606
190520607
190520608
190520609
190520619
190520620
190520621
190520623
190520637
190520638
190520640
190520641
190520650
190520652
190520653
190520654
190520665
190520666
190520667
190520669
190520681
190520682
190520683
190520684
190520697
190520698
190520699
190520700
190520710
190520711
190520712
190520714
190520726
190520727
190520728
190520729
190520742
190520743
190520744
190520746
190520758
190520760
190520761
190520763
190520776
190520779
190520781
190520783
190520794
190520796
190520797
190520798
190520810
190520811
190520812
190520813
190520825
190520827
190520828
190520829
190520839
190520840
190520841
190520843
190520856
190520858
190520859
190520860
190520873
190520874
190520875
190520876
190520888
190520889
190520890
190520891
190520901
190520902
190520903
190520904
190520913
190520914
190520915
190520916
190520927
190520928
190520929
190520930
190520940
190520942
190520943
190520944
190520953
190520954
190520955
190520956
190520965
190520966
190520967
190520971
190520985
190520986
190520988
190520989
190520998
190520999
190521000
190521001
190521011
190521012
190521013
190521014
190521023
190521024
190521025
190521026
190521038
190521039
190521040
190521041
190521051
190521052
190521053
190521054
190521064
190521065
190521066
190521067
190521076
190521077
190521079
190521080
190521090
190521091
190521092
190521093
190521103
190521104
190521105
190521106
190521115
190521116
190521117
190521118
190521129
190521130
190521131
190521132
190521141
190521142
190521143
190521144
190521156
190521158
190521159
190521160
190521170
190521171
190521172
190521173
190521183
190521184
190521186
190521187
190521198
190521199
190521201
190521202
190521214
190521216
190521217
190521218
190521227
190521228
190521229
190521230
190521245
190521246
190521247
190521248
190521257
190521258
190521259
190521260
190521269
190521270
190521271
190521272
190521283
190521285
190521286
190521287
190521296
190521297
190521298
190521299
190521310
190521311
190521312
190521313
190521322
190521323
190521324
190521325
190521338
190521339
190521340
190521341
190521351
190521352
190521353
190521354
190521365
190521366
190521368
190521371
