190520316
190520318
190520319
190520320
190520331
190520332
190520334
190520335
190520345
190520346
190520347
190520348
190520358
190520359
190520360
190520361
190520374
190520375
190520377
190520378
190520389
190520390
190520391
190520392
190520401
190520402
190520403
190520404
190520413
190520414
190520415
190520417
190520431
190520432
190520433
190520434
190520444
190520445
190520446
190520447
190520458
190520459
190520460
190520461
190520470
190520471
190520472
190520473
190520483
190520484
190520485
190520486
190520496
190520497
190520498
190520501
190520511
190520512
190520513
190520514
190520524
190520525
190520526
190520528
190520541
190520542
190520543
190520544
190520553
190520554
190520555
190520556
190520570
190520571
190520573
190520574
190520584
190520586
190520587
190520588
190520597
190520598
190520599
190520601
190520610
190520611
190520613
190520614
190520624
190520626
190520627
190520628
190520642
190520643
190520644
190520645
190520656
190520657
190520658
190520659
190520670
190520671
190520672
190520674
190520686
190520687
190520688
190520689
190520701
190520702
190520704
190520705
190520716
190520717
190520719
190520720
190520730
190520731
190520732
190520734
190520747
190520748
190520749
190520751
190520765
190520766
190520767
190520768
190520784
190520786
190520787
190520788
190520799
190520800
190520803
190520804
190520815
190520816
190520817
190520818
190520830
190520831
190520832
190520833
190520844
190520845
190520846
190520850
190520861
190520862
190520864
190520866
190520878
190520879
190520880
190520882
190520892
190520893
190520895
190520896
190520905
190520906
190520907
190520908
190520917
190520919
190520920
190520921
190520931
190520932
190520933
190520934
190520945
190520946
190520947
190520948
190520957
190520958
190520959
190520960
190520973
190520976
190520977
190520978
190520990
190520991
190520992
190520993
190521002
190521004
190521005
190521006
190521015
190521016
190521017
190521018
190521029
190521030
190521031
190521032
190521043
190521044
190521045
190521046
190521055
190521056
190521057
190521058
190521068
190521069
190521070
190521071
190521081
190521082
190521083
190521085
190521095
190521096
190521097
190521098
190521107
190521108
190521109
190521110
190521119
190521120
190521121
190521122
190521133
190521134
190521135
190521136
190521145
190521147
190521150
190521151
190521161
190521162
190521163
190521164
190521174
190521175
190521177
190521178
190521188
190521189
190521192
190521193
190521203
190521204
190521205
190521207
190521219
190521220
190521221
190521222
190521233
190521234
190521235
190521237
190521249
190521250
190521251
190521252
190521261
190521262
190521263
190521264
190521273
190521274
190521275
190521276
190521288
190521289
190521290
190521291
190521300
190521302
190521303
190521304
190521314
190521315
190521316
190521317
190521326
190521327
190521330
190521333
190521342
190521344
190521345
190521346
190521355
190521356
190521357
190521358
