190520321
190520323
190520324
190520325
190520337
190520338
190520339
190520340
190520349
190520351
190520352
190520353
190520363
190520364
190520366
190520368
190520379
190520380
190520381
190520382
190520393
190520394
190520395
190520396
190520405
190520406
190520407
190520408
190520419
190520420
190520422
190520423
190520435
190520436
190520437
190520438
190520449
190520450
190520451
190520453
190520462
190520463
190520464
190520465
190520474
190520475
190520476
190520477
190520487
190520489
190520490
190520491
190520502
190520503
190520504
190520505
190520515
190520516
190520517
190520518
190520530
190520531
190520533
190520534
190520545
190520546
190520547
190520548
190520557
190520559
190520560
190520562
190520575
190520576
190520577
190520578
190520589
190520590
190520591
190520592
190520602
190520603
190520604
190520605
190520615
190520616
190520617
190520618
190520629
190520630
190520631
190520632
190520646
190520647
190520648
190520649
190520661
190520662
190520663
190520664
190520676
190520677
190520679
190520680
190520690
190520692
190520694
190520695
190520706
190520707
190520708
190520709
190520722
190520723
190520724
190520725
190520736
190520737
190520738
190520740
190520752
190520754
190520755
190520757
190520769
190520770
190520771
190520772
190520790
190520791
190520792
190520793
190520805
190520806
190520808
190520809
190520820
190520822
190520823
190520824
190520834
190520835
190520837
190520838
190520851
190520853
190520854
190520855
190520867
190520868
190520869
190520871
190520883
190520884
190520885
190520886
190520897
190520898
190520899
190520900
190520909
190520910
190520911
190520912
190520922
190520923
190520924
190520926
190520936
190520937
190520938
190520939
190520949
190520950
190520951
190520952
190520961
190520962
190520963
190520964
190520980
190520981
190520982
190520984
190520994
190520995
190520996
190520997
190521007
190521008
190521009
190521010
190521019
190521020
190521021
190521022
190521033
190521034
190521035
190521037
190521047
190521048
190521049
190521050
190521059
190521060
190521062
190521063
190521072
190521073
190521074
190521075
190521086
190521087
190521088
190521089
190521099
190521100
190521101
190521102
190521111
190521112
190521113
190521114
190521124
190521126
190521127
190521128
190521137
190521138
190521139
190521140
190521152
190521153
190521154
190521155
190521166
190521167
190521168
190521169
190521179
190521180
190521181
190521182
190521194
190521195
190521196
190521197
190521210
190521211
190521212
190521213
190521223
190521224
190521225
190521226
190521241
190521242
190521243
190521244
190521253
190521254
190521255
190521256
190521265
190521266
190521267
190521268
190521277
190521279
190521280
190521281
190521292
190521293
190521294
190521295
190521305
190521307
190521308
190521309
190521318
190521319
190521320
190521321
190521334
190521335
190521336
190521337
190521347
190521348
190521349
190521350
190521359
190521360
190521361
190521362
