191160250
191160251
191160253
191160254
191160263
191160264
191160265
191160266
191160276
191160277
191160278
191160279
191160289
191160290
191160291
191160292
191160302
191160303
191160305
191160306
191160315
191160316
191160317
191160318
191160327
191160328
191160329
191160330
191160339
191160340
191160341
191160342
191160351
191160352
191160353
191160354
191160363
191160364
191160365
191160366
191160376
191160377
191160378
191160379
191160388
191160389
191160390
191160391
191160400
191160401
191160402
191160403
191160412
191160413
191160414
191160415
191160424
191160425
191160426
191160427
191160436
191160437
191160438
191160439
191160448
191160449
191160450
191160451
191160460
191160461
191160462
191160463
191160473
191160474
191160475
191160476
191160485
191160486
191160487
191160488
191160498
191160499
191160500
191160501
191160510
191160511
191160512
191160513
191160523
191160524
191160525
191160526
191160535
191160536
191160537
191160538
191160547
191160548
191160549
191160550
191160559
191160560
191160561
191160562
191160571
191160572
191160573
191160574
191160583
191160584
191160585
191160586
191160595
191160596
191160597
191160598
191160607
191160608
191160609
191160610
191160619
191160620
191160621
191160622
191160633
191160634
191160635
191160636
191160646
191160647
191160649
191160650
191160659
191160660
191160661
191160662
191160671
191160672
191160673
191160674
191160683
191160684
191160685
191160686
191160695
191160697
191160698
191160699
191160708
191160709
191160710
191160711
191160720
191160721
191160722
191160723
191160732
191160733
191160734
191160735
191160745
191160746
191160747
191160748
191160760
191160761
191160762
191160763
191160774
191160775
191160776
191160777
191160786
191160788
191160789
191160790
191160801
191160803
191160805
191160806
191160816
191160817
191160818
191160820
191160832
191160833
191160834
191160836
191160847
191160848
191160849
191160850
191160862
191160863
191160864
191160865
191160874
191160875
191160876
191160877
191160885
191160886
191160887
191160894
191160895
191160896
191160903
191160904
191160905
191160912
191160913
191160914
191160921
191160922
191160923
191160930
191160931
191160932
191160939
191160940
191160941
191160948
191160949
191160950
191160957
191160958
191160959
191160966
191160967
191160968
191160976
191160977
191160978
191160985
191160986
191160987
191160994
191160996
191160997
191161004
191161005
191161006
191161013
191161014
191161015
191161022
191161023
191161024
191161031
191161032
191161033
191161041
191161042
191161043
191161050
191161051
191161052
191161059
191161060
191161061
191161068
191161069
191161070
191161077
191161078
191161079
191161086
191161087
191161088
191161095
191161096
191161097
