191160239
191160243
191160245
191160247
191160259
191160260
191160261
191160262
191160271
191160272
191160273
191160275
191160284
191160285
191160286
191160288
191160298
191160299
191160300
191160301
191160311
191160312
191160313
191160314
191160323
191160324
191160325
191160326
191160335
191160336
191160337
191160338
191160347
191160348
191160349
191160350
191160359
191160360
191160361
191160362
191160372
191160373
191160374
191160375
191160384
191160385
191160386
191160387
191160396
191160397
191160398
191160399
191160408
191160409
191160410
191160411
191160420
191160421
191160422
191160423
191160432
191160433
191160434
191160435
191160444
191160445
191160446
191160447
191160456
191160457
191160458
191160459
191160469
191160470
191160471
191160472
191160481
191160482
191160483
191160484
191160493
191160495
191160496
191160497
191160506
191160507
191160508
191160509
191160519
191160520
191160521
191160522
191160531
191160532
191160533
191160534
191160543
191160544
191160545
191160546
191160555
191160556
191160557
191160558
191160567
191160568
191160569
191160570
191160579
191160580
191160581
191160582
191160591
191160592
191160593
191160594
191160603
191160604
191160605
191160606
191160615
191160616
191160617
191160618
191160628
191160629
191160630
191160631
191160642
191160643
191160644
191160645
191160655
191160656
191160657
191160658
191160667
191160668
191160669
191160670
191160679
191160680
191160681
191160682
191160691
191160692
191160693
191160694
191160704
191160705
191160706
191160707
191160716
191160717
191160718
191160719
191160728
191160729
191160730
191160731
191160741
191160742
191160743
191160744
191160754
191160756
191160757
191160758
191160769
191160771
191160772
191160773
191160782
191160783
191160784
191160785
191160796
191160797
191160799
191160800
191160812
191160813
191160814
191160815
191160825
191160827
191160829
191160831
191160842
191160843
191160844
191160845
191160857
191160858
191160860
191160861
191160870
191160871
191160872
191160873
191160882
191160883
191160884
191160891
191160892
191160893
191160900
191160901
191160902
191160909
191160910
191160911
191160918
191160919
191160920
191160927
191160928
191160929
191160936
191160937
191160938
191160945
191160946
191160947
191160954
191160955
191160956
191160963
191160964
191160965
191160973
191160974
191160975
191160982
191160983
191160984
191160991
191160992
191160993
191161001
191161002
191161003
191161010
191161011
191161012
191161019
191161020
191161021
191161028
191161029
191161030
191161038
191161039
191161040
191161047
191161048
191161049
191161056
191161057
191161058
191161065
191161066
191161067
191161074
191161075
191161076
191161083
191161084
191161085
191161092
191161093
191161094
