191160255
191160256
191160257
191160258
191160267
191160268
191160269
191160270
191160280
191160281
191160282
191160283
191160293
191160295
191160296
191160297
191160307
191160308
191160309
191160310
191160319
191160320
191160321
191160322
191160331
191160332
191160333
191160334
191160343
191160344
191160345
191160346
191160355
191160356
191160357
191160358
191160367
191160368
191160369
191160371
191160380
191160381
191160382
191160383
191160392
191160393
191160394
191160395
191160404
191160405
191160406
191160407
191160416
191160417
191160418
191160419
191160428
191160429
191160430
191160431
191160440
191160441
191160442
191160443
191160452
191160453
191160454
191160455
191160464
191160466
191160467
191160468
191160477
191160478
191160479
191160480
191160489
191160490
191160491
191160492
191160502
191160503
191160504
191160505
191160514
191160515
191160516
191160518
191160527
191160528
191160529
191160530
191160539
191160540
191160541
191160542
191160551
191160552
191160553
191160554
191160563
191160564
191160565
191160566
191160575
191160576
191160577
191160578
191160587
191160588
191160589
191160590
191160599
191160600
191160601
191160602
191160611
191160612
191160613
191160614
191160623
191160624
191160625
191160626
191160637
191160638
191160639
191160640
191160651
191160652
191160653
191160654
191160663
191160664
191160665
191160666
191160675
191160676
191160677
191160678
191160687
191160688
191160689
191160690
191160700
191160701
191160702
191160703
191160712
191160713
191160714
191160715
191160724
191160725
191160726
191160727
191160737
191160738
191160739
191160740
191160749
191160750
191160751
191160752
191160764
191160765
191160767
191160768
191160778
191160779
191160780
191160781
191160791
191160792
191160793
191160795
191160807
191160808
191160809
191160810
191160821
191160822
191160823
191160824
191160837
191160838
191160839
191160841
191160852
191160853
191160855
191160856
191160866
191160867
191160868
191160869
191160878
191160879
191160880
191160881
191160888
191160889
191160890
191160897
191160898
191160899
191160906
191160907
191160908
191160915
191160916
191160917
191160924
191160925
191160926
191160933
191160934
191160935
191160942
191160943
191160944
191160951
191160952
191160953
191160960
191160961
191160962
191160969
191160971
191160972
191160979
191160980
191160981
191160988
191160989
191160990
191160998
191160999
191161000
191161007
191161008
191161009
191161016
191161017
191161018
191161025
191161026
191161027
191161035
191161036
191161037
191161044
191161045
191161046
191161053
191161054
191161055
191161062
191161063
191161064
191161071
191161072
191161073
191161080
191161081
191161082
191161089
191161090
191161091
191161098
191161099
191161100
