191523981
191523982
191523987
191523988
191523990
191523991
191523993
191523995
191523996
191523997
191523998
191523999
191524001
191524002
191524004
191524005
191524007
191524008
191524010
191524011
191524014
191524015
191524017
191524018
191524020
191524021
191524023
191524024
191524025
191524027
191524028
191524030
191524031
191524033
191524036
191524037
191524039
191524040
191524042
191524043
191524045
191524046
191524048
191524049
191524051
191524053
191524055
191524057
191524059
191524060
191524062
191524063
191524066
191524067
191524068
191524069
191524070
191524072
191524074
191524076
191524078
191524079
191524081
191524082
191524084
191524085
191524087
191524088
191524090
191524091
191524093
191524095
191524097
191524099
191524101
191524102
191524104
191524105
191524107
191524108
191524110
191524111
191524113
191524114
191524116
191524117
191524119
191524120
191524122
191524123
191524125
191524126
191524129
191524130
191524132
191524134
191524136
191524137
191524139
191524142
191524144
191524145
191524148
191524149
191524151
191524152
191524154
191524155
191524156
191524158
191524159
191524160
191524162
191524163
191524165
191524166
191524168
191524170
191524171
191524173
191524174
191524176
191524177
191524178
191524181
191524182
191524184
191524185
191524187
191524189
191524190
191524192
191524193
191524196
191524198
191524201
191524202
191524203
191524205
191524206
191524208
191524209
191524211
191524212
191524215
191524216
191524218
191524219
191524221
191524222
191524224
191524227
191524228
191524230
191524231
191524233
191524235
191524238
191524240
191524243
191524244
191524246
191524247
191524250
191524252
191524253
191524254
191524256
191524257
191524259
191524260
191524261
191524264
191524266
191524268
191524269
191524273
191524274
191524276
191524277
191524278
191524280
191524281
191524283
191524284
191524286
191524287
191524289
191524290
191524292
191524293
191524294
191524295
191524296
191524297
191524298
191524300
191524301
191524302
191524303
191524304
191524305
191524307
191524308
191524311
191524312
191524313
191524316
191524319
191524321
191524322
191524324
191524326
191524327
191524329
191524330
191524332
191524334
191524336
191524338
191524339
191524341
191524342
191524346
191524347
191524349
191524350
191524352
191524353
191524356
191524357
191524359
191524361
191524364
191524366
191524369
191524371
191524374
191524383
191524386
191524388
191524389
191524392
191524393
191524395
191524396
191524400
191524402
191524404
191524405
191524406
191524408
191524409
191524411
191524412
191524414
191524416
191524418
191524419
191524420
191524421
191524422
191524424
191524426
191524429
191524430
191524432
191524433
191524435
191524438
191524439
191524443
191524444
