192109639
192109640
192109642
192109643
192109644
192109646
192109647
192109648
192109649
192109652
192109654
192109657
192109658
192109659
192109660
192109661
192109662
192109665
192109666
192109667
192109668
192109671
192109673
192109674
192109675
192109676
192109677
192109678
192109680
192109682
192109683
192109684
192109685
192109687
192109689
192109690
192109691
192109693
192109695
192109696
192109698
192109699
192109701
192109703
192109704
192109705
192109706
192109707
192109709
192109711
192109712
192109716
192109717
192109718
192109719
192109723
192109724
192109725
192109727
192109728
192109730
192109732
192109734
192109736
192109737
192109738
192109740
192109742
192109745
192109746
192109748
192109751
192109752
192109761
192109775
192109777
192109784
192109790
192109794
192109796
192109797
192109804
192109808
192109811
192109816
192109822
192109826
192109832
192109876
192109877
192109878
192109879
192109880
192109881
192109883
192109884
192109885
192109886
192109887
192109889
192109891
192109892
192109893
192109894
192109895
192109896
192109898
192109899
192109900
192109902
192109904
192109905
192109907
192109908
192109909
192109911
192109912
192109914
192109916
192109918
192109919
192109922
192109923
192109924
192109926
192109927
192109929
192109930
192109931
192109932
192109936
192109937
192109938
192109939
192109943
192109944
192109945
192109946
192109947
192109949
192109952
192109953
192109955
192109956
192109957
192109958
192109960
192109962
192109963
192109964
192109966
192109967
192109968
192109969
192109971
192109973
192109975
192109976
192109977
192109979
192109981
192109982
192109983
192109984
192109985
192109987
192109988
192109989
192109990
192109991
192109992
192109998
192110000
192110001
192110003
192110005
192110006
192110007
192110008
192110009
192110010
192110012
192110013
192110014
192110015
192110017
192110019
192110020
192110022
192110023
192110024
192110026
192110027
192110029
192110030
192110031
192110033
192110034
192110035
192110037
192110038
192110039
192110041
192110042
192110043
192110044
192110045
192110047
192110048
192110052
192110053
192110054
192110056
192110057
192110062
192110064
192110065
192110067
192110069
192110072
192110074
192110076
192110077
192110079
192110081
192110082
192110084
192110085
192110089
192110091
192110094
192110096
192110101
192110103
192110109
192110112
192110114
192110116
192110120
192110124
192110130
192110133
192110136
192110138
192110163
192110165
192110173
192110177
192110186
192110200
192110211
192110212
192110214
192110215
192110218
192110219
192110220
192110221
192110223
192110224
192110225
192110228
192110229
192110232
192110234
192110240
192110241
192110244
192110245
192110247
192110248
192110249
192110250
192110251
192110253
192110254
192110255
192110256
192110259
192110261
192110262
192110263
192110265
192110266
192110269
192110271
192110272
192110274
192110279
192110280
192110281
192110284
192110285
192110287
192110288
192110289
192110290
192110291
192110295
192110296
192110298
192110301
192110303
192110304
192110305
192110306
192110307
192110308
192110312
192110313
192110314
192110316
192110317
192110322
192110327
192110328
192110329
192110330
192110331
192110333
192110334
192110335
192110336
192110337
192110340
192110341
192110343
192110347
192110348
192110349
192110351
192110358
192110359
192110360
192110361
192110366
192110369
192110370
192110372
192110376
192110378
192110381
192110385
192110387
192110389
192110390
192110400
192110404
192110407
192110409
192110412
192110414
192110417
192110424
192110427
192110429
192110431
192110433
192110434
192110436
192110438
192110439
192110441
192110442
192110456
192110460
192110461
192110465
192110466
192110472
192110475
192110480
192110484
192110486
192110488
192110496
192110499
192110502
192110506
192110510
192110516
192110519
192110525
192110530
192110537
192110542
192110546
192110552
192110559
192110566
192110578
192110590
192110593
192110596
192110600
192110602
192110604
192110605
192110608
192110609
192110611
192110613
192110614
192110616
192110619
192110620
192110623
192110624
192110626
192110628
192110629
192110631
192110633
192110634
192110636
192110640
192110641
192110643
192110645
192110647
192110650
192110652
192110654
192110656
192110658
192110659
192110661
192110666
192110669
192110670
192110673
192110674
192110676
192110678
192110679
192110682
192110683
192110689
192110692
192110694
192110695
192110698
192110699
192110703
192110705
192110706
192110708
192110709
192110711
192110714
192110716
192110718
192110719
192110721
192110725
192110729
192110731
192110733
192110734
192110737
192110738
192110740
192110742
192110747
192110749
192110752
192110753
192110755
192110757
192110760
192110763
192110766
192110769
192110771
192110773
192110776
192110778
192110781
192110787
192110790
192110793
192110796
192110798
192110800
192110802
192110803
192110808
192110812
192110814
192110822
192110824
192110829
192110832
192110835
192110836
192110839
192110841
192110842
192110844
192110848
192110849
192110850
192110851
192110854
192110855
192110857
192110858
192110861
192110862
192110863
192110866
192110867
192110869
192110871
192110873
192110875
192110876
192110878
192110881
192110883
192110886
192110887
192110889
192110890
192110892
192110894
192110896
192110901
192110905
192110907
192110908
192110910
192110912
192110915
192110916
192110918
192110922
192110923
192110929
192110932
192110934
192110937
192110938
192110940
192110941
192110945
192110947
192110954
192110958
192110961
192110962
192110963
192110967
192110969
192110974
192110976
192110979
192110984
192110987
192110991
192110995
192110999
192111003
192111009
192111016
192111020
192111024
192111032
192111036
192111043
192111050
192111059
192111062
192111074
192111102
192111105
192111106
192111110
192111112
192111113
192111115
192111116
192111118
192111121
192111122
192111124
192111126
192111127
192111129
192111130
192111132
192111134
192111135
192111138
192111139
192111141
192111143
192111145
192111147
192111149
192111150
192111152
192111153
192111160
192111161
192111163
192111166
192111170
192111172
192111173
192111175
192111176
192111178
192111181
192111182
192111184
192111187
192111198
192111201
192111203
192111206
192111215
192111218
192111220
192111223
192111225
192111226
192111228
192111230
192111231
192111234
192111235
192111237
192111239
192111241
192111243
192111245
192111248
192111252
192111255
192111258
192111261
192111273
192111276
192111278
192111280
192111282
192111284
192111286
192111289
192111293
192111298
192111302
192111304
192111307
192111317
192111319
192111322
192111324
192111326
192111328
192111330
192111334
192111335
192111337
192111340
192111342
192111345
192111347
192111351
192111353
192111356
192111359
192111361
192111365
192111369
192111371
192111374
192111376
192111379
192111384
192111386
192111388
192111389
192111393
192111395
192111398
192111401
192111404
192111418
192111432
192111434
192111436
192111437
192111443
192111444
192111446
192111447
192111448
192111450
192111452
192111454
192111455
192111456
192111459
192111461
192111462
192111464
192111466
192111468
192111469
192111470
192111472
192111475
192111477
192111479
192111481
192111483
192111486
192111489
192111491
192111493
192111495
192111497
192111499
192111500
192111501
192111503
192111504
192111507
192111508
192111511
192111512
192111513
192111514
192111515
192111518
192111519
192111520
192111521
192111522
192111523
192111524
192111525
192111527
192111529
192111531
192111532
192111533
192111534
192111536
192111537
192111538
192111539
192111541
192111549
192111551
192111554
192111558
192111562
192111581
192111584
192111588
192111589
192111594
192111606
192111611
192111616
192111620
192111625
192111632
192111637
192111645
192111653
192111670
192111673
192111675
192111677
192111678
192111679
192111680
192111681
192111682
192111684
192111685
192111686
192111687
192111688
192111689
192111690
192111693
192111695
192111696
192111697
192111698
192111700
192111701
192111702
192111704
192111706
192111707
192111708
192111710
192111711
192111712
192111713
192111714
192111715
192111717
192111718
192111719
192111720
192111721
192111722
192111724
192111726
192111727
192111728
192111729
192111730
192111732
192111733
192111734
192111735
192111736
192111738
192111739
192111740
192111742
192111744
192111746
192111748
192111749
192111750
192111751
192111753
192111756
192111757
192111758
192111759
192111760
192111761
192111763
192111765
192111768
192111769
192111770
192111771
192111772
192111774
192111776
192111777
192111778
192111784
192111785
192111786
192111787
192111790
192111792
192111794
192111796
192111798
192111801
192111803
192111805
192111808
192111811
192111813
192111814
192111816
192111817
192111818
192111820
192111822
192111824
192111825
192111826
192111827
192111828
192111829
192111830
192111831
192111834
192111835
192111836
192111839
192111840
192111841
192111842
192111843
192111845
192111847
192111848
192111849
192111850
192111851
192111852
192111853
192111854
192111856
192111857
192111858
192111860
192111861
192111862
192111866
192111867
192111869
192111871
192111872
192111874
192111876
192111877
192111880
192111881
192111882
192111883
192111885
192111886
192111888
192111890
192111893
192111894
192111896
192111897
192111898
192111899
192111900
192111901
192111902
192111903
192111905
192111906
192111908
192111909
192111910
192111912
192111914
192111915
192111916
192111917
192111921
192111923
192111924
192111925
192111928
192111930
192111932
192111933
192111938
192111939
192111940
192111941
192111943
192111944
192111947
192111949
192111950
192111951
192111953
192111954
192111955
192111956
192111957
192111960
192111961
192111962
192111964
192111965
192111966
192111967
192111968
192111971
192111972
192111974
192111975
192111976
192111977
192111979
192111981
192111984
192111985
192111986
192111987
192111988
192111989
192111990
192111994
192111995
192111997
192111999
192112002
192112007
192112011
192112013
192112015
192112017
192112019
192112021
192112023
192112026
192112027
192112030
192112033
192112034
192112035
192112037
192112040
192112045
192112048
192112049
192112050
192112051
192112053
192112056
192112057
192112058
192112059
192112061
192112063
192112064
192112065
192112066
192112067
192112068
192112070
192112072
192112074
192112075
192112076
192112077
192112078
192112079
192112080
192112081
192112083
192112084
192112086
192112088
192112089
192112090
192112091
192112093
192112094
192112097
192112098
192112099
192112100
192112102
192112103
192112104
192112105
192112107
192112109
192112111
192112112
192112114
192112115
192112122
192112124
192112135
192112137
192112140
192112141
192112145
192112150
192112152
192112164
192112169
192112172
192112174
192112178
192112185
192112188
192112193
192112198
192112202
192112209
192112211
192112219
192112226
192112234
192112246
192112259
192112261
192112262
192112263
192112265
192112266
192112267
192112268
192112270
192112273
192112274
192112276
192112277
192112278
192112280
192112282
192112283
192112285
192112286
192112288
192112291
192112292
192112293
192112294
192112295
192112297
192112299
192112301
192112302
192112303
192112304
192112305
192112307
192112309
192112310
192112311
192112312
192112314
192112315
192112316
192112317
192112319
192112320
192112321
192112323
192112326
192112328
192112330
192112332
192112335
192112337
192112340
192112343
192112345
192112347
192112348
192112349
192112351
192112354
192112355
192112357
192112358
192112359
192112360
192112361
192112362
192112363
192112365
192112366
192112368
192112369
192112370
192112371
192112372
192112373
192112374
192112376
192112378
192112379
192112381
192112386
192112387
192112389
192112390
192112392
192112395
192112397
192112398
192112400
192112402
192112403
192112404
192112406
192112407
192112408
192112409
192112412
192112414
192112415
192112416
192112417
192112419
192112421
192112423
192112424
192112426
192112428
192112429
192112430
192112431
192112432
192112434
192112435
192112436
192112438
192112439
192112441
192112443
192112445
192112448
192112449
192112451
192112453
192112455
192112456
192112458
192112460
192112462
192112463
192112464
192112466
192112468
192112471
192112472
192112474
192112476
192112478
192112480
192112481
192112485
192112488
192112490
192112493
192112497
192112499
192112503
192112505
192112507
192112509
192112512
192112514
192112515
192112516
192112521
192112522
192112523
192112525
192112526
192112528
192112530
192112532
192112533
192112534
192112539
192112542
192112543
192112545
192112547
192112550
192112552
192112555
192112558
192112560
192112562
192112563
192112565
192112568
192112570
192112571
192112572
192112574
192112577
192112579
192112580
192112582
192112584
192112600
192112602
192112606
192112609
192112613
192112615
192112620
192112622
192112625
192112630
192112633
192112636
192112638
192112641
192112645
192112646
192112651
192112654
192112658
192112663
192112665
192112670
192112675
192112679
192112683
192112737
192112738
192112739
192112742
192112743
192112745
192112747
192112748
192112749
192112750
192112751
192112752
192112753
192112754
192112755
192112756
192112757
192112758
192112760
192112761
192112762
192112763
192112765
192112766
192112767
192112768
192112769
192112770
192112771
192112772
192112774
192112775
192112777
192112778
192112779
192112780
192112781
192112782
192112784
192112785
192112786
192112787
192112789
192112790
192112791
192112792
192112793
192112795
192112796
192112799
192112802
192112803
192112804
192112805
192112806
192112807
192112809
192112812
192112813
192112814
192112815
192112816
192112817
192112818
192112819
192112820
192112822
192112823
192112824
192112825
192112826
192112827
192112829
192112830
192112831
192112832
192112834
192112835
192112836
192112838
192112840
192112841
192112842
192112843
192112844
192112847
192112848
192112849
192112850
192112851
192112853
192112854
192112855
192112856
192112857
192112859
192112860
192112862
192112864
192112865
192112866
192112867
192112868
192112869
192112870
192112872
192112873
192112874
192112875
192112876
192112877
192112879
192112880
192112882
192112883
192112886
192112887
192112888
192112889
192112891
192112892
192112893
192112894
192112896
192112898
192112899
192112901
192112904
192112908
192112910
192112912
192112915
192112917
192112919
192112921
192112923
192112926
192112927
192112929
192112931
192112932
192112933
192112935
192112936
192112937
192112939
192112941
192112943
192112944
192112948
192112949
192112950
192112952
192112953
192112954
192112955
192112956
192112957
192112958
192112959
192112961
192112962
192112964
192112966
192112967
192112968
192112970
192112972
192112974
192112976
192112979
192112981
192112983
192112987
192112988
192112989
192112990
192112991
192112995
192112997
192112999
192113002
192113006
192113008
192113011
192113013
192113016
192113019
192113023
192113027
192113031
192113035
192113039
192113042
192113045
192113050
192113053
192113057
192113064
192113068
192113071
192113075
192113080
192113085
192113088
192113092
192113097
192113100
192113102
192113105
192113107
192113109
192113111
192113114
192113117
192113119
192113122
192113124
192113127
192113129
192113131
192113134
192113137
192113139
192113142
192113145
192113147
192113149
192113152
192113156
192113158
192113160
192113162
192113164
192113166
192113168
192113173
192113175
192113178
192113180
192113183
192113185
192113187
192113188
192113189
192113190
192113191
192113194
192113195
192113196
192113197
192113198
192113199
192113200
192113202
192113205
192113206
192113207
192113208
192113211
192113213
192113214
192113216
192113218
192113224
192113228
192113235
192113236
192113238
192113240
192113242
192113244
192113248
192113252
192113256
192113261
192113270
192113282
192113287
192113289
192113291
192113296
192113300
192113307
192113312
192113315
192113320
192113335
192113357
192113359
192113362
192113364
192113368
192113369
192113370
192113371
192113373
192113375
192113376
192113377
192113381
192113382
192113384
192113385
192113387
192113389
192113392
192113393
192113395
192113396
192113398
192113399
192113400
192113402
192113404
192113405
192113407
192113410
192113411
192113413
192113414
192113415
192113417
192113419
192113424
192113425
192113427
192113429
192113431
192113432
192113433
192113435
192113437
192113438
192113440
192113441
192113442
192113443
192113444
192113446
192113447
192113450
192113455
192113456
192113457
192113459
192113460
192113462
192113464
192113465
192113466
192113467
192113469
192113470
192113471
192113473
192113475
192113476
192113477
192113478
192113480
192113482
192113484
192113487
192113488
192113489
192113491
192113492
192113494
192113496
192113497
192113498
192113500
192113501
192113502
192113504
192113505
192113507
192113508
192113509
192113510
192113512
192113513
192113515
192113516
192113517
192113519
192113520
192113521
192113523
192113526
192113528
192113530
192113531
192113533
192113534
192113536
192113538
192113543
192113544
192113545
192113547
192113548
192113549
192113550
192113551
192113553
192113555
192113557
192113559
192113561
192113563
192113564
192113566
192113567
192113568
192113569
192113570
192113571
192113573
192113576
192113578
192113581
192113582
192113584
192113588
192113591
192113599
192113602
192113604
192113606
192113608
192113610
192113613
192113614
192113616
192113619
192113622
192113623
192113624
192113626
192113627
192113629
192113630
192113632
192113634
192113636
192113637
192113638
192113640
192113641
192113642
192113643
192113645
192113646
192113647
192113648
192113651
192113655
192113657
192113659
192113660
192113662
192113663
192113664
192113666
192113667
192113668
192113670
192113672
192113673
192113675
192113676
192113678
192113680
192113681
192113682
192113683
192113686
192113687
192113689
192113690
192113692
192113702
192113703
192113705
192113706
192113724
192113727
192113728
192113752
192113758
192113765
192113766
192113774
192113780
192113790
192113800
192113818
192113820
192113821
192113823
192113826
192113827
192113829
192113835
192113837
192113839
192113840
192113843
192113844
192113847
192113853
192113854
192113858
192113859
192113861
192113863
192113864
192113867
192113869
192113872
192113874
192113875
192113878
192113879
192113881
192113883
192113884
192113888
192113890
192113891
192113893
192113894
192113897
192113899
